name,variations,price,rating_star,comment
"Mặt Nạ Giấy, Mặt Nạ V7 Dưỡng Da, Cấp Ẩm Bioaqua",['Mix (mua bội số 4)'],[319900000],5,"Giao hàng nhanh ,đủ sp,shop nhiệt tình
M sẽ ủng hộ thêm 
Mỗi người dân Việt Nam cùng nhau thực hiện phòng, chống dịch Covid-19 qua thông điệp 5K: ""Khẩu trang - Khử khuẩn - Khoảng cách - Không tập trung - Khai báo y tế"" 
"
"Mặt Nạ Giấy, Mặt Nạ V7 Dưỡng Da, Cấp Ẩm Bioaqua",['V7 Dâu'],[319900000],5,"Xịt Thơm Toàn Thân ShiMang Body Mist 50ML❤
- Thương hiệu: Shimang
- Quy cách: 50ml/chai
- Phân loại: Xịt thơm toàn thân/Body Mist

❤ Xịt thơm toàn thân Body mist là sản phẩm kết hợp giữa sữa dưỡng thể và nước hoa. Đây là dòng sản phẩm mang tính năng 2 trong 1 vừa  đem lại hương thơm cho bạn lại"
"Mặt Nạ Giấy, Mặt Nạ V7 Dưỡng Da, Cấp Ẩm Bioaqua","['V7 Cam', 'V7 Dâu']","[319900000, 319900000]",5,"Mình chưa dùng thử chưa biết, nhưng mà thấy hàng y hình, bộ cọ trang điểm cũng khá xịn xò, mỗi tội mình đặt nhầm hẳn 3 cây mascara, xỉuuu. Mong là dùng ok"
"Mặt Nạ Giấy, Mặt Nạ V7 Dưỡng Da, Cấp Ẩm Bioaqua",['Mix (mua bội số 4)'],[319900000],5,"Shop giao hàng, xử lý đơn hàng nhanh, đầy đủ sp, date tốt, sẽ quay lại ủng hộ nếu sp tốt ạ, thanks shop nha"
"Mặt Nạ Giấy, Mặt Nạ V7 Dưỡng Da, Cấp Ẩm Bioaqua",['V7 Dâu'],[319900000],5,Snsnskoaoaoq9q010193834uu4hdndndnzznnznznzn😚🤩😂🥰😚😂🙂😚🤑😛🤑😋😚😋😚😍😙😍🥰😂🥰😂😂🥰😂🥰😇🙂😇🙂😚😘🤑😘🤑😜🤑😜🤑😜🤑😜😇🙂🥰😂😇🙂😇🙂😇🙂
"Mặt Nạ Giấy, Mặt Nạ V7 Dưỡng Da, Cấp Ẩm Bioaqua","['V7 Táo', 'V7 Kiwi', 'V7 Cam', 'V7 Dâu']","[309900000, 309900000, 309900000, 309900000]",5,"Đã nhận đủ hàng, giống Qc. M dùng thử đã xem th thế nào. Nếu ổn lần sau lại mua tiếp"
"Mặt Nạ Giấy, Mặt Nạ V7 Dưỡng Da, Cấp Ẩm Bioaqua",['Mix (mua bội số 4)'],[309900000],5,Shop giao hàng nhanh đóng gói đẹp . Chưa dùng nên ko biết chất lượng như thế nào.
"Mặt Nạ Giấy, Mặt Nạ V7 Dưỡng Da, Cấp Ẩm Bioaqua","['V7 Kiwi', 'V7 Dâu']","[319900000, 319900000]",5,"Nhấn vào một đoạn để dán vào hộp văn bản.Chào mừng bạn đến với bảng nhớ tạm của Gboard, bất kỳ văn bản nào bạn sao chép sẽ được lưu tại đây."
"Mặt Nạ Giấy, Mặt Nạ V7 Dưỡng Da, Cấp Ẩm Bioaqua",['V7 Cam'],[319900000],5,lấy tạm ảnh này nha =))) giao hàng nhanhh đóng gói cẩn thận đầy đủ iu
"Mặt Nạ Giấy, Mặt Nạ V7 Dưỡng Da, Cấp Ẩm Bioaqua",['V7 Táo'],[319900000],5,"Chưa sử dụng lên mình chưa biết sản phẩm ra sao nhưng shop gói hàng cẩn thận bọc dày cộp luôn á
Shop xứng đáng 5 sao"
"Mặt Nạ Giấy, Mặt Nạ V7 Dưỡng Da, Cấp Ẩm Bioaqua",['V7 Dâu'],[309900000],5,"Bao bì đẹp, chưa sử dụng nên chưa biết ạ 🤗🤗🤗🤗🤗🤗🤗🤗🤗🤗🤗🤗🤗🤗🤗🤗🤗🤗🤗"
"Mặt Nạ Giấy, Mặt Nạ V7 Dưỡng Da, Cấp Ẩm Bioaqua",['V7 Kiwi'],[319900000],5,sản phẩm y hình khong có j phải chê các bạn nên mua và thử..........
"Mặt Nạ Giấy, Mặt Nạ V7 Dưỡng Da, Cấp Ẩm Bioaqua",['V7 Dâu'],[319900000],5,"i love this mask but it have a little bit grouseeeeeeeeeeeeeeeeeeeeeeeeeee
sorry for unnessesary video and picture :)"
"Mặt Nạ Giấy, Mặt Nạ V7 Dưỡng Da, Cấp Ẩm Bioaqua","['V7 Táo', 'V7 Kiwi', 'V7 Cam', 'V7 Dâu']","[309900000, 309900000, 309900000, 309900000]",5,Mặt nạ rẻ chưa dùng nên chưa biết chất lượng ạ 😜😜😁😊😊😁😊😁😁😊😁😁😁😉😁😁😁😁🍍🍍
"Mặt Nạ Giấy, Mặt Nạ V7 Dưỡng Da, Cấp Ẩm Bioaqua","['V7 Táo', 'V7 Kiwi']","[319900000, 319900000]",5,"Mua lần 2, mask dùng ổn, tiếc là đặt kẻ mày loại khác mà shop giao loại này😥😥"
"Mặt Nạ Giấy, Mặt Nạ V7 Dưỡng Da, Cấp Ẩm Bioaqua",['Mix 4 vị nạ V7'],[319900000],5,"JiiososnsbznzmzlzlP97YGBnalalqiququwhsbsnaaljsbsbsbzmzmzlozis7s6sybsbsnsmslwie7e8eolssmnd x zbzbzmzlzlzizujzjlsioslsdn xbzmzj,,bvzb,,ml,ozis7ssuzhh"
"Mặt Nạ Giấy, Mặt Nạ V7 Dưỡng Da, Cấp Ẩm Bioaqua",['V7 Dâu'],[319900000],5,Chất lượng sản phẩm tuyệt vời đóng gói sản phẩm chắc chắn giao hàng nhanh 
"Mặt Nạ Giấy, Mặt Nạ V7 Dưỡng Da, Cấp Ẩm Bioaqua",['V7 Cam'],[319900000],5,"tất cả đều ok hết, vừa rẻ lại dùng tốt, chúc shop buôn may bán đắt."
"Mặt Nạ Giấy, Mặt Nạ V7 Dưỡng Da, Cấp Ẩm Bioaqua",['Mix 4 vị nạ V7'],[319900000],5,"Đóng gói hàng cẩn thận..... 
Giao hangg nhanhh...... 
👟🎩👟🎩👗👕👗"
"Mặt Nạ Giấy, Mặt Nạ V7 Dưỡng Da, Cấp Ẩm Bioaqua","['V7 Táo', 'V7 Kiwi', 'V7 Cam', 'V7 Dâu']","[309900000, 309900000, 309900000, 309900000]",5,Giao hàng đầy đủ cẩn thận hình thức ok cũng okela bẹgabwjduwnkags 
"Mặt Nạ Giấy, Mặt Nạ V7 Dưỡng Da, Cấp Ẩm Bioaqua","['V7 Táo', 'V7 Cam', 'V7 Dâu']","[319900000, 319900000, 319900000]",5,Thơm xĩuuuuu luoonnnnnn áaaaa :>> mỗi đứa đều có 1 cái sài đã luôn thơm 
"Mặt Nạ Giấy, Mặt Nạ V7 Dưỡng Da, Cấp Ẩm Bioaqua",['Mix (mua bội số 4)'],[309900000],5,Giao hàng đầy đủ đóng gói ổn shipper nhiệt tình sẽ ủng hộ shop nhìu nhìu
"Mặt Nạ Giấy, Mặt Nạ V7 Dưỡng Da, Cấp Ẩm Bioaqua",['Mix (mua bội số 4)'],[319900000],5,Sản phẩm rất là ukilalala giao hàng đầy đủ giao nhanh nx chớ giá rẻ 
"Mặt Nạ Giấy, Mặt Nạ V7 Dưỡng Da, Cấp Ẩm Bioaqua","['V7 Cam', 'V7 Dâu']","[309900000, 309900000]",5,"Đã nhận được hàng giao hàng trong vòng ba ngày shop chuẩn bị hàng rất đầy đủ, date xa lần sau sẽ ủng hộ"
"Mặt Nạ Giấy, Mặt Nạ V7 Dưỡng Da, Cấp Ẩm Bioaqua","['V7 Kiwi', 'V7 Cam', 'V7 Dâu']","[319900000, 319900000, 319900000]",5,
"Mặt Nạ Giấy, Mặt Nạ V7 Dưỡng Da, Cấp Ẩm Bioaqua","['V7 Táo', 'V7 Kiwi', 'V7 Cam', 'V7 Dâu']","[319900000, 319900000, 319900000, 319900000]",5,"Mua của shop 2 lần rồi, giá rẻ sẽ ủnh hộ shop dài ..ko có ảnh nên dùng tạm"
"Mặt Nạ Giấy, Mặt Nạ V7 Dưỡng Da, Cấp Ẩm Bioaqua","['V7 Táo', 'V7 Kiwi', 'V7 Cam', 'V7 Dâu']","[319900000, 319900000, 319900000, 319900000]",5,"Vì dùng hết hương Táo r nên mik lấy Kiwi làm vd vì 2c này khá giống nhau . Giao hàng khá nhanh,  hàng dùng chất lượng , đáng tiền "
"Mặt Nạ Giấy, Mặt Nạ V7 Dưỡng Da, Cấp Ẩm Bioaqua",['Mix (đặt ít nhất 4)'],[309900000],5,"Giao hàng nhanh , vừa đặt hôm qua mà nay có luôn rồi 🥰 mua lần 2 ở shop ưng lắm 👍 nhưng có điều là shop giao thiếu hàng cho e🥺"
"Mặt Nạ Giấy, Mặt Nạ V7 Dưỡng Da, Cấp Ẩm Bioaqua",['V7 Kiwi'],[309900000],5,Shop giao hàng nhanh đặt hôm qua hôm nay đã có và giao đủ số lượng.
"Mặt Nạ Giấy, Mặt Nạ V7 Dưỡng Da, Cấp Ẩm Bioaqua","['V7 Táo', 'V7 Kiwi', 'V7 Cam', 'V7 Dâu']","[319900000, 319900000, 319900000, 319900000]",5,"giao đúng hàng, mặt nạ nhiều tinh chất cho tủ lạnh đắp cực thích😂😂😂"
"Mặt Nạ Giấy, Mặt Nạ V7 Dưỡng Da, Cấp Ẩm Bioaqua",['Mix (mua bội số 4)'],[319900000],5,Hàng giao hơi chậm...sp nhận đều ok..hộp bị móp nhưng bên trong k s.. dùng ok sẽ tiếp tục 
"Mặt Nạ Giấy, Mặt Nạ V7 Dưỡng Da, Cấp Ẩm Bioaqua",['V7 Dâu'],[319900000],5,"Lần 2 mình mua lại , đóng gói đủ sản phẩm nha rất ưng và sẽ ủng hộ tiếp ạ"
"Mặt Nạ Giấy, Mặt Nạ V7 Dưỡng Da, Cấp Ẩm Bioaqua",['V7 Dâu'],[319900000],5,"Hàng y hình 
Giao nhanh king khủng 
Vừa đặt hôm qua hôm nay đã nhận được "
"Mặt Nạ Giấy, Mặt Nạ V7 Dưỡng Da, Cấp Ẩm Bioaqua","['Mix (mua bội số 4)', 'V7 Táo', 'V7 Kiwi', 'V7 Cam', 'V7 Dâu']","[309900000, 309900000, 309900000, 309900000, 309900000]",5,"Giao hàng nhanh chưa từng thấy luôn
Mặt nạ thì chưa dùng nên chưa bt có tốt k"
"Mặt Nạ Giấy, Mặt Nạ V7 Dưỡng Da, Cấp Ẩm Bioaqua","['V7 Kiwi', 'V7 Dâu']","[309900000, 309900000]",5,"Hẹn anh không còn giông bão
Rồi ta ngồi lại thương thảo chuyện trăm năm ❤"
"Mặt Nạ Giấy, Mặt Nạ V7 Dưỡng Da, Cấp Ẩm Bioaqua","['V7 Táo', 'V7 Kiwi', 'V7 Cam', 'V7 Dâu']","[319900000, 319900000, 319900000, 319900000]",5,"Giao sai một cáiii
Nhưng mà hum saooo nhaa
Chưa dùng nên chua biếc 
Giao hàng nhanh hơn dự kiến ❤️"
"Mặt Nạ Giấy, Mặt Nạ V7 Dưỡng Da, Cấp Ẩm Bioaqua","['V7 Táo', 'V7 Cam']","[319900000, 319900000]",5,Giao hàng nhanh đầy đủ không thiếu món nào lần sau se ủng hộ tiếp .................................
"Mặt Nạ Giấy, Mặt Nạ V7 Dưỡng Da, Cấp Ẩm Bioaqua",['Mix (mua bội số 4)'],[319900000],5,
"Mặt Nạ Giấy, Mặt Nạ V7 Dưỡng Da, Cấp Ẩm Bioaqua",['V7 Dâu'],[319900000],5,Hàng chất lượng. Shop nhiệt tình inbox giải đáp những thắc mắc. Shop giao đủ số lượng
"Mặt Nạ Giấy, Mặt Nạ V7 Dưỡng Da, Cấp Ẩm Bioaqua","['V7 Táo', 'V7 Kiwi', 'V7 Cam', 'V7 Dâu']","[319900000, 319900000, 319900000, 319900000]",5,Giao hàng nhanh. Gói hàng cẩn thận. Shiper thân thiện. Điểm 10 cho shop. 
"Mặt Nạ Giấy, Mặt Nạ V7 Dưỡng Da, Cấp Ẩm Bioaqua",['V7 Kiwi'],[319900000],5,Hdjdjrbhdudbejdjjdjdjfu s s. Djud dbdiennxirheumnhfiensjskie
"Mặt Nạ Giấy, Mặt Nạ V7 Dưỡng Da, Cấp Ẩm Bioaqua",['V7 Kiwi'],[319900000],5,
"Mặt Nạ Giấy, Mặt Nạ V7 Dưỡng Da, Cấp Ẩm Bioaqua","['V7 Cam', 'V7 Dâu']","[319900000, 319900000]",5,"CÁCH CHỮA BỎNG CỦA LÍNH CỨU HỎA KHÔNG ĐỂ LẠI SẸO!

--------------------------------
Khi huấn luyện nhân viên cứu hỏa, người ta dạy cho họ phương pháp này khi xảy ra trường hợp bị phỏng, dù mức độ có nặng đến đâu.

Để sơ cứu, người ta để chỗ bị phỏng dưới vòi nước lạnh cho đến khi sức nóng giảm và nh"
"Mặt Nạ Giấy, Mặt Nạ V7 Dưỡng Da, Cấp Ẩm Bioaqua","['V7 Cam', 'V7 Dâu']","[319900000, 319900000]",5,"Shop giao hàng đủ sản phẩm, giao hàng ko đuoc nhanh lắm,....."
"Mặt Nạ Giấy, Mặt Nạ V7 Dưỡng Da, Cấp Ẩm Bioaqua","['V7 Kiwi', 'V7 Dâu']","[319900000, 319900000]",5,"Quy khach da huy gia han goi cuoc ST5K, uu dai con lai duoc su dung den het chu ky. De tiep tuc su dung DV va lua chon goi Data phu hop, vui long truy cap https://myvt.page.link/kmdata tren My Viettel hoac bam goi *098#. Chi tiet LH 198 (0d). Tran trong."
"Mặt Nạ Giấy, Mặt Nạ V7 Dưỡng Da, Cấp Ẩm Bioaqua","['V7 Cam', 'V7 Dâu']","[319900000, 319900000]",5,Mình không đặt táo mà shop giao nhầm nèeeeeeeeeeeeeeeee :((((
"Mặt Nạ Giấy, Mặt Nạ V7 Dưỡng Da, Cấp Ẩm Bioaqua","['V7 Táo', 'V7 Kiwi', 'V7 Dâu']","[319900000, 319900000, 319900000]",5,Hggxrstdigkbpbkbn gxtsyvonlm b fzeRzyuvibohkbjcgxest h kbonhxtzeagcuv
"Mặt Nạ Giấy, Mặt Nạ V7 Dưỡng Da, Cấp Ẩm Bioaqua","['V7 Táo', 'V7 Kiwi', 'V7 Cam', 'V7 Dâu']","[319900000, 319900000, 319900000, 319900000]",5,"giao đúng hàng đúng sp, chưa đắp nên ko biết ntn    thấy date còn xa ok👌👌👌👌"
"Mặt Nạ Giấy, Mặt Nạ V7 Dưỡng Da, Cấp Ẩm Bioaqua","['V7 Táo', 'V7 Kiwi', 'V7 Cam', 'V7 Dâu']","[319900000, 319900000, 319900000, 319900000]",5,"chất lượng sản phẩm tốt, shop phục vụ khá uy tín nhé giao hàng cũng nhanh nữa"
"Mặt Nạ Giấy, Mặt Nạ V7 Dưỡng Da, Cấp Ẩm Bioaqua","['V7 Cam', 'V7 Dâu']","[319900000, 319900000]",5,"Giao hangg nhanh, chất lượng tốt, lấy tạm ảnh khác vì lười chụp ảnh"
"Mặt Nạ Giấy, Mặt Nạ V7 Dưỡng Da, Cấp Ẩm Bioaqua","['V7 Táo', 'V7 Cam', 'V7 Dâu']","[319900000, 319900000, 319900000]",5,"Đây là lần thứ 2 mua dùng. Giá thành rất ok. Mặt nạ cũng tốt, hương thơm dễ chịu, tinh chất nhiều. Sau khi đấp xong cảm thấy da mặt thoải mái, mịn hơn."
"Mặt Nạ Giấy, Mặt Nạ V7 Dưỡng Da, Cấp Ẩm Bioaqua",['V7 Dâu'],[319900000],5,Xssobs sjsjsbsjdbd djdb djxvdjsskak skxbd djxbssvjs sdjbdn
"Mặt Nạ Giấy, Mặt Nạ V7 Dưỡng Da, Cấp Ẩm Bioaqua",['V7 Kiwi'],[319900000],5,"
Đóng gói kĩ, hàng giao hơi lâu. Đặt lẻ tẻ không à nhma shop gói cực kì đủ luôn. 5 sao nhé. Hình ảnh chỉ mang tính chất lấy xu thôi hehe

"
"Mặt Nạ Giấy, Mặt Nạ V7 Dưỡng Da, Cấp Ẩm Bioaqua","['V7 Táo', 'V7 Kiwi', 'V7 Cam', 'V7 Dâu']","[319900000, 319900000, 319900000, 319900000]",5,"Giao hàng nhanh chóng, hàng đầy đủ. Rất thích shop và sẽ ủng hộ shop tiếp tục ạ"
"Mặt Nạ Giấy, Mặt Nạ V7 Dưỡng Da, Cấp Ẩm Bioaqua",['V7 Kiwi'],[319900000],5,Hàng xinh giao nhanh shop nói chuyện thân thiện nhưng shipper không vui vẻ lắm nha
"Mặt Nạ Giấy, Mặt Nạ V7 Dưỡng Da, Cấp Ẩm Bioaqua","['V7 Táo', 'V7 Kiwi', 'V7 Cam', 'V7 Dâu']","[319900000, 319900000, 319900000, 319900000]",4,"Mới dùng 1 cái  thấy hơi rát kb do mk k hợp hay là ntn
Hgckhvkhbhjfkhb"
"Mặt Nạ Giấy, Mặt Nạ V7 Dưỡng Da, Cấp Ẩm Bioaqua",['V7 Cam'],[319900000],5,👍👍👍👍👍👍👍👍👍👍👍👍👍👍👍👍👍👍👍👍👍👍👍👍👍👍👍👍👍👍👍👍👍👍👍👍👍👍👍👍👍👍👍👍👍👍👍👍👍👍
"Mặt Nạ Giấy, Mặt Nạ V7 Dưỡng Da, Cấp Ẩm Bioaqua","['V7 Táo', 'V7 Kiwi', 'V7 Cam', 'V7 Dâu']","[319900000, 319900000, 319900000, 319900000]",5,"Đã mua ở shop nhiều lần,hàng xinh lắm,shop gói hàng kĩ cực kì. Cảm ơn shop ạ❤️"
"Mặt Nạ Giấy, Mặt Nạ V7 Dưỡng Da, Cấp Ẩm Bioaqua",['V7 Cam'],[319900000],5,Chị có thể làm được không shop được nhiều sức đi vào ngõ thấy chợ tứ liên thì yyy em ơi em trai 
"Mặt Nạ Giấy, Mặt Nạ V7 Dưỡng Da, Cấp Ẩm Bioaqua",['V7 Dâu'],[319900000],5,"Shop giao đủ hàng,đóng gói kĩ,đã mua nhiều lần,sẽ mua tiếp. Cảm ơn shop❤️. Do đang ở ngoài nên k tiện chụp ảnh sp."
"Mặt Nạ Giấy, Mặt Nạ V7 Dưỡng Da, Cấp Ẩm Bioaqua","['V7 Táo', 'V7 Cam']","[310000000, 310000000]",5,"Giao hàng nhanh, đóng gói cẩn thận. Mặt nạ khá nhiều dưỡng chất, có thể thoa lên tay và cổ. Mùi dễ chịu, giống mùi nước hoa hơn."
"Mặt Nạ Giấy, Mặt Nạ V7 Dưỡng Da, Cấp Ẩm Bioaqua",['V7 Dâu'],[319900000],5,Sản phẩm tốt giá lại rẻ. Giao hàng rất nhanh. Mua tổng cộng có 5k mà shop gói rất kĩ.
"Mặt Nạ Giấy, Mặt Nạ V7 Dưỡng Da, Cấp Ẩm Bioaqua","['V7 Táo', 'V7 Kiwi', 'V7 Cam']","[310000000, 310000000, 310000000]",5,Shop phục vụ rất tốt- Đóng gói sản phẩm đẹp và chắc chắn 💁🏻‍♀️💖
"Mặt Nạ Giấy, Mặt Nạ V7 Dưỡng Da, Cấp Ẩm Bioaqua","['V7 Táo', 'V7 Kiwi', 'V7 Cam', 'V7 Dâu']","[319900000, 319900000, 319900000, 319900000]",5,Chưa dùng nhưng mà mask dày vãi thề 
"Mặt Nạ Giấy, Mặt Nạ V7 Dưỡng Da, Cấp Ẩm Bioaqua","['V7 Táo', 'V7 Dâu']","[319900000, 319900000]",5,"Nên mua , giá cả hợp lý giao hàng nhanh, ko có ảnh mk lấy ảnh ko liên quan hdhd"
"Mặt Nạ Giấy, Mặt Nạ V7 Dưỡng Da, Cấp Ẩm Bioaqua","['V7 Kiwi', 'V7 Cam']","[319900000, 319900000]",5,"Nên mua , giá cả hợp lý giao hàng nhanh, ko có ảnh mk lấy ảnh ko liên quan hdhd"
"Mặt Nạ Giấy, Mặt Nạ V7 Dưỡng Da, Cấp Ẩm Bioaqua",['V7 Dâu'],[319900000],5,"Shop gói kĩ lắm lun.ship nhanh giao hàng đầy đủ .nói chung là ok 10000/10.mn qua Tik Tok của mình xem unboxing nha 
Id:@kiukiu_army "
"Mặt Nạ Giấy, Mặt Nạ V7 Dưỡng Da, Cấp Ẩm Bioaqua","['V7 Táo', 'V7 Kiwi', 'V7 Cam']","[310000000, 310000000, 310000000]",5,"Gia hàng rất nhanh tuy mình có gặp tí vấn đề trục trặc về shipper nhưng được cái sau chị ship cho mình tốt tính lắm nè
Gói hàng cũng kĩ càng lắm nhennn
Xịn nx ó"
"Mặt Nạ Giấy, Mặt Nạ V7 Dưỡng Da, Cấp Ẩm Bioaqua","['V7 Táo', 'V7 Cam', 'V7 Dâu']","[310000000, 310000000, 310000000]",5,"Đóng gói sản phẩm chắc chắn, đã sử dụng cảm thấy tốt nên mua lần nữa"
"Mặt Nạ Giấy, Mặt Nạ V7 Dưỡng Da, Cấp Ẩm Bioaqua","['V7 Táo', 'V7 Cam']","[319900000, 319900000]",5,"Giao hàng nhanh, mình đặt nhiều shop giao đúng, đủ
Mặt mạ mắt mình dùng hơi bị kích ứng nhẹ"
"Mặt Nạ Giấy, Mặt Nạ V7 Dưỡng Da, Cấp Ẩm Bioaqua","['V7 Táo', 'V7 Kiwi']","[319900000, 319900000]",5,Mặt nạ khá ổn giá rẻ nói chung là oke mìn bỏ tủ lạnh xong đắp lên thì phải gọi là phê
"Mặt Nạ Giấy, Mặt Nạ V7 Dưỡng Da, Cấp Ẩm Bioaqua","['V7 Táo', 'V7 Kiwi', 'V7 Cam', 'V7 Dâu']","[319900000, 319900000, 319900000, 319900000]",5,"Chất lượng sản phẩm tuyệt vời, đóng gõi snar phẩm rất kỹ, giao hàng nhanh"
"Mặt Nạ Giấy, Mặt Nạ V7 Dưỡng Da, Cấp Ẩm Bioaqua","['V7 Kiwi', 'V7 Dâu']","[319900000, 319900000]",4,"Mn nên xem xét khi mua sản phẩm ạ 
Da em khi dùng bị kích ứng và nổi mẩn đỏ ạ 
Nhưng vs giá sản phẩm như này thì cũng ko mong chờ gì ạ "
"Mặt Nạ Giấy, Mặt Nạ V7 Dưỡng Da, Cấp Ẩm Bioaqua","['V7 Kiwi', 'V7 Dâu']","[319900000, 319900000]",5,"Shop giao hàngg siêu nhanh luôn, shop giao đầy đủ hàng, mọi thứ đề xài oke hết,"
"Mặt Nạ Giấy, Mặt Nạ V7 Dưỡng Da, Cấp Ẩm Bioaqua","['V7 Táo', 'V7 Dâu']","[319900000, 319900000]",5,Vsribzarb plnijbg vyyyfxbjokn dé. Nlpknjjvffz. Noitea nkirvngsr
"Mặt Nạ Giấy, Mặt Nạ V7 Dưỡng Da, Cấp Ẩm Bioaqua","['V7 Táo', 'V7 Kiwi', 'V7 Cam']","[310000000, 310000000, 310000000]",5,Okeee nha ship nhanh đóng gói chắc chắn sẽ ủng hộ tiếp hihiiii
"Mặt Nạ Giấy, Mặt Nạ V7 Dưỡng Da, Cấp Ẩm Bioaqua","['V7 Táo', 'V7 Kiwi', 'V7 Cam', 'V7 Dâu']","[319900000, 319900000, 319900000, 319900000]",5,"đã nhận hàng , k đếm nhưng chắc đủ , okelaaaaaaaaaaaaaaaaaaaa"
"Mặt Nạ Giấy, Mặt Nạ V7 Dưỡng Da, Cấp Ẩm Bioaqua",['V7 Dâu'],[319900000],5,Sản phẩm rất oki sử dụng cx khá ổn shop uy tín giao đủ hàng rất ưng nhiều nhưng hông thiếu nha
"Mặt Nạ Giấy, Mặt Nạ V7 Dưỡng Da, Cấp Ẩm Bioaqua",['V7 Dâu'],[319900000],5,"Shop giao hàng đủ nhanh lắm luôn ạ,đóng gói hàng rất chắc chắn"
"Mặt Nạ Giấy, Mặt Nạ V7 Dưỡng Da, Cấp Ẩm Bioaqua","['V7 Táo', 'V7 Dâu']","[319900000, 319900000]",5,KhÔng nghĩ là hàng lại giao nhanh như thế hàng chất lượng đẹp lắm dùng rất tốt vả lại lại rẻ nữa chứ đóng gói rất cẩn thận yêu yêu
"Mặt Nạ Giấy, Mặt Nạ V7 Dưỡng Da, Cấp Ẩm Bioaqua",['V7 Dâu'],[319900000],5,Đóng gói cẩn thận check ra mã vạch hàng nói chung là okeeeeeeeeeeeeeeeeeeeeeeeeeeeeeeeeeeeeeeeeeeeeeeeeeeeeeeeeeeeeeeeeeeeeeeeeeeeeeeeeeeeeeeeeeeeeeee
"Mặt Nạ Giấy, Mặt Nạ V7 Dưỡng Da, Cấp Ẩm Bioaqua",['V7 Kiwi'],[319900000],5,video với ảnh không liên quan nhưng mà mặt nạ của shop đỉnh lắm nhé xịn lắm luôn ấy mê thật sự ý
"Mặt Nạ Giấy, Mặt Nạ V7 Dưỡng Da, Cấp Ẩm Bioaqua","['V7 Táo', 'V7 Cam', 'V7 Dâu']","[319900000, 319900000, 319900000]",5,video với ảnh không liên quan nhưng mà mặt nạ của shop đỉnh lắm nhé xịn lắm luôn ấy mê thật sự ý
"Mặt Nạ Giấy, Mặt Nạ V7 Dưỡng Da, Cấp Ẩm Bioaqua","['V7 Táo', 'V7 Kiwi', 'V7 Dâu']","[319900000, 319900000, 319900000]",4,"Giao hàng nhanh hơn dự kiến, đủ sản phẩm, chưa dùng nên chưa biết có hiệu quả không"
"Mặt Nạ Giấy, Mặt Nạ V7 Dưỡng Da, Cấp Ẩm Bioaqua",['V7 Cam'],[319900000],5,"Hàng như hình đăng trên mạng
Đóng gói kĩ càng cẩn thậnnnnnnnn"
"Mặt Nạ Giấy, Mặt Nạ V7 Dưỡng Da, Cấp Ẩm Bioaqua","['V7 Táo', 'V7 Kiwi', 'V7 Dâu']","[319900000, 319900000, 319900000]",5,Sản phẩm tốt khá là ok ship nhanh tuyệtnbfbnbn....nhhnjhhhbn
"Mặt Nạ Giấy, Mặt Nạ V7 Dưỡng Da, Cấp Ẩm Bioaqua","['V7 Táo', 'V7 Cam']","[319900000, 319900000]",5,"Sản phẩm dưỡng ẩm khá tốt. Giao nhanh nhưng mà thiếu 3 mask, nói chung giá cũng chẳng bao nhiêu nên cũng cho qua ạ"
"Mặt Nạ Giấy, Mặt Nạ V7 Dưỡng Da, Cấp Ẩm Bioaqua","['V7 Táo', 'V7 Kiwi', 'V7 Cam', 'V7 Dâu']","[319900000, 319900000, 319900000, 319900000]",5,Đặt ở shop mấy lần rùi mà lần nào cũng đủ hàng em đặt ở shop nhiều rồi nên yên tâm
"Mặt Nạ Giấy, Mặt Nạ V7 Dưỡng Da, Cấp Ẩm Bioaqua","['V7 Táo', 'V7 Kiwi', 'V7 Cam', 'V7 Dâu']","[319900000, 319900000, 319900000, 319900000]",5,Đặt ở shop mấy lần rùi mà lần nào cũng đủ hàng em đặt ở shop nhiều rồi nên yên tâm
"Mặt Nạ Giấy, Mặt Nạ V7 Dưỡng Da, Cấp Ẩm Bioaqua",['V7 Dâu'],[319900000],5,"Mặt nạ hơi nhỏ xíu
Giao hàng nhanh 
Giao đủ hàng 
Đúng phân loạiii"
"Mặt Nạ Giấy, Mặt Nạ V7 Dưỡng Da, Cấp Ẩm Bioaqua","['V7 Kiwi', 'V7 Dâu']","[319900000, 319900000]",5,"Dùng gất chi là oceeeeeeeeeeeeeeeeeeeeeeeeeee
Mua một đống lun dùng cho đã "
"Mặt Nạ Giấy, Mặt Nạ V7 Dưỡng Da, Cấp Ẩm Bioaqua","['V7 Cam', 'V7 Dâu']","[319900000, 319900000]",5,Giao hàng nhanh và anh shipper rất thân thiện chưa dùng nên k biết sp như nào
"Mặt Nạ Giấy, Mặt Nạ V7 Dưỡng Da, Cấp Ẩm Bioaqua",['V7 Kiwi'],[319900000],5,"Chất lượng tuyệt vời 
Đóng gói chắc chắn  
Shop phục vụ tận tình 
Nên mua "
"Mặt Nạ Giấy, Mặt Nạ V7 Dưỡng Da, Cấp Ẩm Bioaqua","['V7 Cam', 'V7 Dâu']","[319900000, 319900000]",5,"Giao hàng cực nhanh ,clg k biết ntn
Nđnxndndn
Ndnxndmdmxm
Nxxnxnxnxmmx
Ndnxndmdmxmdbdbdnd d
Nxxnnxxnxn"
"Mặt Nạ Giấy, Mặt Nạ V7 Dưỡng Da, Cấp Ẩm Bioaqua",['V7 Táo'],[319900000],5,"Chưa dùng nên chưa biết chất lượng 
Đóng gói chắc chắn snsusksnjsnsjskshs"
"Mặt Nạ Giấy, Mặt Nạ V7 Dưỡng Da, Cấp Ẩm Bioaqua",['V7 Cam'],[319900000],5,"Giao hàng nhanh , sản phẩm oke lắm ạ. Lấy tạm vid với ảnh đăng lên "
"Mặt Nạ Giấy, Mặt Nạ V7 Dưỡng Da, Cấp Ẩm Bioaqua","['V7 Táo', 'V7 Kiwi', 'V7 Cam', 'V7 Dâu']","[319900000, 319900000, 319900000, 319900000]",5,"Giao hàng khá nhanh, giao đủ hàng mặt nạ đắp mát lắm sẽ ủng hộ shop nhiều lần nữa"
"Mặt Nạ Giấy, Mặt Nạ V7 Dưỡng Da, Cấp Ẩm Bioaqua",['V7 Dâu'],[319900000],5,giao hàng nhanh hàng sịn mà rẻ nữa dùng ok nên mua nha mọi ngườii❤️
"Mặt Nạ Giấy, Mặt Nạ V7 Dưỡng Da, Cấp Ẩm Bioaqua","['V7 Táo', 'V7 Kiwi', 'V7 Cam', 'V7 Dâu']","[319900000, 319900000, 319900000, 319900000]",5,"Mặt nạ rẻ nhưng đắp rất thích
Đã mua lại lần 2
Lần này mua 50 miếng đắp dần"
"Mặt Nạ Giấy, Mặt Nạ V7 Dưỡng Da, Cấp Ẩm Bioaqua","['V7 Táo', 'V7 Kiwi', 'V7 Cam']","[319900000, 319900000, 319900000]",5,Chưa dùng nên k biết sẽ thế nào. Nhưng mình muốn order thêm thì lại k huỷ được. Sản phẩm ổn. 
"Mặt Nạ Giấy, Mặt Nạ V7 Dưỡng Da, Cấp Ẩm Bioaqua","['V7 Táo', 'V7 Kiwi', 'V7 Cam', 'V7 Dâu']","[319900000, 319900000, 319900000, 319900000]",5,"Mua mấy món lẻ tẻ lẻ tẻ mà shop vẫn giao đủ. Shop chuẩn bị hàng khá nhanh😘, mà đơn vị vận chuyển cũng nhanh nữa, quãng đường từ HN đến Cao Bằng chỉ mất một buổi sáng, buổi chiều nhận đc r ý. Dưỡng da tay thơm, còn mặt nạ thì siu siu tốt luôn nha mn😁. Em k có ảnh chụp trực tiếp nên up đại vài tấm ạ"
"Mặt Nạ Giấy, Mặt Nạ V7 Dưỡng Da, Cấp Ẩm Bioaqua",['V7 Kiwi'],[319900000],5,Dạ hàng ok lắm ạm
"Mặt Nạ Giấy, Mặt Nạ V7 Dưỡng Da, Cấp Ẩm Bioaqua",['V7 Cam'],[319900000],5,"Shop phục vụ tốt giao đúng hàng đủ số lượng  sản ,,phẩm như hình "
"Mặt Nạ Giấy, Mặt Nạ V7 Dưỡng Da, Cấp Ẩm Bioaqua","['V7 Kiwi', 'V7 Cam', 'V7 Dâu']","[319900000, 319900000, 319900000]",5,Đã nhận dc hàng để kịp cho ngày 8.3. Cám ơn shop. Tuy nhiên shop nên gói kĩ hơn vì khi mình nhận dc gói hàng đã bị bung 1 chút rồi
"Mặt Nạ Giấy, Mặt Nạ V7 Dưỡng Da, Cấp Ẩm Bioaqua","['V7 Kiwi', 'V7 Cam', 'V7 Dâu']","[319900000, 319900000, 319900000]",5,"Đã nhận được hàng, shop giao đủ số lượng, lần sau ủng hộ tiếp, cảm ơn shop, "
"Mặt Nạ Giấy, Mặt Nạ V7 Dưỡng Da, Cấp Ẩm Bioaqua","['V7 Kiwi', 'V7 Cam', 'V7 Dâu']","[319900000, 319900000, 319900000]",5,"Giao hàng nhanh, đóng gói cẩn thận. Mình nhặt nhiều loại nhưng shop giao đủ"
"Mặt Nạ Giấy, Mặt Nạ V7 Dưỡng Da, Cấp Ẩm Bioaqua",['V7 Táo'],[319900000],5,Oce knanhsusjwanbsbshshwjwnanbsbshwjansbsvshajsjsjbsbssbsjjsksksksnsbsvshsjsnsbshsjsj
"Mặt Nạ Giấy, Mặt Nạ V7 Dưỡng Da, Cấp Ẩm Bioaqua","['V7 Kiwi', 'V7 Cam', 'V7 Dâu']","[319900000, 319900000, 319900000]",5,"Hàng giao đủ số lượng ok lắm ạ 
Nhưng chưa thử nên chưa biết chất lg 
"
"Mặt Nạ Giấy, Mặt Nạ V7 Dưỡng Da, Cấp Ẩm Bioaqua","['V7 Táo', 'V7 Kiwi', 'V7 Cam', 'V7 Dâu']","[319900000, 319900000, 319900000, 319900000]",5,"Nhận hàng thấy đóng gói okeee , chưa dùng nên chưa biết chất lượng ntn dùng xong sẽ fb lạii ạ
"
"Mặt Nạ Giấy, Mặt Nạ V7 Dưỡng Da, Cấp Ẩm Bioaqua","['V7 Táo', 'V7 Cam']","[319900000, 319900000]",5,Sp i hình có mã check  🥰🥰🥰🥰🥰🥰🥰🥰🥰🥰🥰🥰🥰🥰🥰🥰🥰🥰🥰🥰🥰🥰🥰🥰🥰🥰🥰🥰🥰🥰🥰🥰🥰🥰🥰🥰
"Mặt Nạ Giấy, Mặt Nạ V7 Dưỡng Da, Cấp Ẩm Bioaqua","['V7 Kiwi', 'V7 Cam', 'V7 Dâu']","[319900000, 319900000, 319900000]",5,Sản phẩm đẹp. Giá oki. Gkkhckhcvjvjvjcucufucycucucucjviviccjvjvjvuvvuvubjbkbjbkb
"Mặt Nạ Giấy, Mặt Nạ V7 Dưỡng Da, Cấp Ẩm Bioaqua","['V7 Táo', 'V7 Kiwi', 'V7 Cam', 'V7 Dâu']","[319900000, 319900000, 319900000, 319900000]",5,"Giao hàng nhanhh lắm nha mn:))
Giao đủ hàng 
Đóng gói cẩn thận nữa 
Nchung là tuyett voii 
Lần sau sẽ ủng hộ shop tiếpp🥰"
"Mặt Nạ Giấy, Mặt Nạ V7 Dưỡng Da, Cấp Ẩm Bioaqua",['V7 Táo'],[319900000],5,"Mặt nạ sịn, giá thành rẻ mà đắp xong ra mịn luôn. Giao hàng nhanh lắm ạ"
"Mặt Nạ Giấy, Mặt Nạ V7 Dưỡng Da, Cấp Ẩm Bioaqua","['V7 Táo', 'V7 Cam', 'V7 Dâu']","[319900000, 319900000, 319900000]",5,"giao nhanh chưa dùng nên kb sao nữa Mong có hiệu quả
Giá rẻ kb có phải fake k"
"Mặt Nạ Giấy, Mặt Nạ V7 Dưỡng Da, Cấp Ẩm Bioaqua","['V7 Táo', 'V7 Kiwi', 'V7 Cam', 'V7 Dâu']","[319900000, 319900000, 319900000, 319900000]",5,Đủ hàng.chưa dùng lên chưa biết chất lượng tn.jjdjdjdjfjfjcjcjcjcjfj
"Mặt Nạ Giấy, Mặt Nạ V7 Dưỡng Da, Cấp Ẩm Bioaqua","['V7 Táo', 'V7 Kiwi', 'V7 Dâu']","[319900000, 319900000, 319900000]",5,"cái này dùng khá là thích nhá, mát và mềm lắm luôn giao hàng nhanh"
"Mặt Nạ Giấy, Mặt Nạ V7 Dưỡng Da, Cấp Ẩm Bioaqua","['V7 Táo', 'V7 Kiwi', 'V7 Cam', 'V7 Dâu']","[319900000, 319900000, 319900000, 319900000]",5,Okkkkkkkkkkkkkkkkkkkkkkkkkkkkkkkkkkkkkkkkkkkkkkkkkk
"Mặt Nạ Giấy, Mặt Nạ V7 Dưỡng Da, Cấp Ẩm Bioaqua","['V7 Táo', 'V7 Kiwi', 'V7 Cam', 'V7 Dâu']","[319900000, 319900000, 319900000, 319900000]",5,Giao đầy đủ mặt nạ. Mình chưa dùng nên ko dám đánh giá chất lượng. Vẫn cho 5sao nha
"Mặt Nạ Giấy, Mặt Nạ V7 Dưỡng Da, Cấp Ẩm Bioaqua",['V7 Dâu'],[329900000],5,"Giao đủ hàng, giao hàng nhanh. Đongs gói cẩn thận.........................:.:::::::::::::..///"
"Mặt Nạ Giấy, Mặt Nạ V7 Dưỡng Da, Cấp Ẩm Bioaqua","['V7 Táo', 'V7 Kiwi', 'V7 Cam']","[319900000, 319900000, 319900000]",5,ncffxkxlhxgkdykxlhxylfylchxhlclhcxglb clhflhfhlflyhclhclhclhlhxlhx
"Mặt Nạ Giấy, Mặt Nạ V7 Dưỡng Da, Cấp Ẩm Bioaqua",['V7 Táo'],[319900000],5,Chất lượng sản phẩm ok .. đóng gói sản phẩm này rất tốt... Rất đáng tiền 
"Mặt Nạ Giấy, Mặt Nạ V7 Dưỡng Da, Cấp Ẩm Bioaqua",['V7 Kiwi'],[319900000],5,Bsjieoekxncndnkdjdjdbdbdjjdjdjdjdjdbcgghjjjjdksmdmdmdndnc
"Mặt Nạ Giấy, Mặt Nạ V7 Dưỡng Da, Cấp Ẩm Bioaqua","['V7 Táo', 'V7 Dâu']","[329900000, 329900000]",5,Cái này hơi đắt so với mấy cái khác nhưng OK giáo hàng hơi lâu...
"Mặt Nạ Giấy, Mặt Nạ V7 Dưỡng Da, Cấp Ẩm Bioaqua","['V7 Táo', 'V7 Kiwi', 'V7 Cam']","[329900000, 329900000, 329900000]",5,"Đắp đã dã man, hàng chất lượng, da mịn hẳn lên good job☺️☺️☺️☺️☺️"
"Mặt Nạ Giấy, Mặt Nạ V7 Dưỡng Da, Cấp Ẩm Bioaqua",['V7 Dâu'],[319900000],5,Giao hàng nhanh đóng gói sp kĩ chưa dùng nên chưa biết hiệu quả nhưng shop đóng gói chặt quá làm gói mặt nạ bị nvay nè
"Mặt Nạ Giấy, Mặt Nạ V7 Dưỡng Da, Cấp Ẩm Bioaqua",['V7 Kiwi'],[329900000],5,Giao hàng nhanh. Shipper nhiệt tình. Khá ưng. Chưa sử dụng nên chưa biếttttttt. Gói hàng cẩn thận chắc chắn. Sản phẩm trông cũng khá ok Hihiiiiiiiiiiiiiiiabcjdksalakfmfkdkslzkndndnđklslakdnrnjrjdjsksjxjhhh
"Mặt Nạ Giấy, Mặt Nạ V7 Dưỡng Da, Cấp Ẩm Bioaqua","['V7 Táo', 'V7 Kiwi', 'V7 Cam', 'V7 Dâu']","[329900000, 329900000, 329900000, 329900000]",5,"Đủ số lượng, tiếc là hết mất mask cam, giao hàng cực nhanhnhnhnh"
"Mặt Nạ Giấy, Mặt Nạ V7 Dưỡng Da, Cấp Ẩm Bioaqua","['V7 Táo', 'V7 Kiwi']","[329900000, 329900000]",5,Sp dùng thích lắm mn ủng hôn shop nhaaaaaaaaaaaaaaaaaa❤️😝😝
"Mặt Nạ Giấy, Mặt Nạ V7 Dưỡng Da, Cấp Ẩm Bioaqua","['V7 Táo', 'V7 Dâu']","[329900000, 329900000]",5,"Chưa sử dụng nên chưa biết chất lượng ntn , giao hàng đủ , đóng gói cẩn thận nhưng k may 1 miếng mặt nạ môi của mình bị rách "
"Mặt Nạ Giấy, Mặt Nạ V7 Dưỡng Da, Cấp Ẩm Bioaqua","['V7 Táo', 'V7 Cam', 'V7 Dâu']","[329900000, 329900000, 329900000]",5, Giao hàng đủ ạ okkkkkk okkkkkkkkkkkkkkkkkkkkkkkkkkkkkkkkkkkkkkkkkkkk 
"Mặt Nạ Giấy, Mặt Nạ V7 Dưỡng Da, Cấp Ẩm Bioaqua","['V7 Kiwi', 'V7 Cam']","[329900000, 329900000]",5,"mặt nạ đắp siêu xịn luôn á, hàng nội địa nhưung chất lượng tuỵt vời"
"Mặt Nạ Giấy, Mặt Nạ V7 Dưỡng Da, Cấp Ẩm Bioaqua","['V7 Táo', 'V7 Dâu']","[329900000, 329900000]",4,"ch dùng nên ch biết sản phẩm như nào , cũng k biết cách coi hạn sử dụng và ngày sản xuất của mặt nạ , thấy hơi sợ sợ 1 chút ,  giao hàng nhanh , tốt "
"Mặt Nạ Giấy, Mặt Nạ V7 Dưỡng Da, Cấp Ẩm Bioaqua",['V7 Kiwi'],[329900000],5,"Giao hàng hơi lâu, mặt nạ rất mát hợp giá tiền :3333333333333"
"Mặt Nạ Giấy, Mặt Nạ V7 Dưỡng Da, Cấp Ẩm Bioaqua","['V7 Táo', 'V7 Kiwi', 'V7 Dâu']","[329900000, 329900000, 329900000]",5,"Siêu xịn xò luôn mn ơi. Giá rẻ, giao hàng rất là đầy đủ. Sẽ tiếp tục ủng hộ shop"
"Mặt Nạ Giấy, Mặt Nạ V7 Dưỡng Da, Cấp Ẩm Bioaqua","['V7 Táo', 'V7 Kiwi', 'V7 Cam', 'V7 Dâu']","[329900000, 329900000, 329900000, 329900000]",4,"Shop giao hàng tầm 7 ngày, giao đủ đồ. Vì chưa sử dụng nên mình cũng chẳng biết chất lượng như nào."
"Mặt Nạ Giấy, Mặt Nạ V7 Dưỡng Da, Cấp Ẩm Bioaqua","['V7 Táo', 'V7 Cam']","[329900000, 329900000]",5,"Mua nhiều nhưng shop k giao nhầm, đóng gói chắc chắn, ........."
"Mặt Nạ Giấy, Mặt Nạ V7 Dưỡng Da, Cấp Ẩm Bioaqua",['V7 Táo'],[329900000],5,Haha mát tay lắm nha tui chưa dùng nên k biết nói sao. Mà thấy hàng oke lắm
"Mặt Nạ Giấy, Mặt Nạ V7 Dưỡng Da, Cấp Ẩm Bioaqua","['V7 Táo', 'V7 Dâu']","[319900000, 319900000]",5,"Giao đúng hànggg , đóng gói siu cẩn thận mở ra cũng rất mệtttttt:)))"
"Mặt Nạ Giấy, Mặt Nạ V7 Dưỡng Da, Cấp Ẩm Bioaqua",['V7 Cam'],[299900000],5,"Sau 8 năm lên sóng, tôi cảm thấy tự hào vì đã là một phần nhỏ bé tạo nên giá trị của chương trình đối với hàng triệu khán giả. Nhiều người Việt ở nước ngoài, nhiều chiến sĩ ở biên cương hải đảo cũng thường xuyên theo dõi Café sáng với VTV3 và cứ đến dịp tết Âm lịch "
"Mặt Nạ Giấy, Mặt Nạ V7 Dưỡng Da, Cấp Ẩm Bioaqua",['V7 Kiwi'],[329900000],5,"Giao đủ, chưa thử nên ko biết như thế nào.................."
"Mặt Nạ Giấy, Mặt Nạ V7 Dưỡng Da, Cấp Ẩm Bioaqua","['V7 Táo', 'V7 Cam']","[299900000, 299900000]",1,"Chưa bao giờ mua hàng của một cái shop nào tồi tệ như vậy. Bảng mắt, phấn má, nói chung các loại phấn phải đóng gói riêng chứ ko ai đóng chung như vậy cả. Chất lượng chưa bàn nhưng đóng hàng kiểu cho xong, làm hỏng hết phấn má mà nhắn tin ko thèm trả lời mặc dù đang ol. Bán hàng ko có tâm. Tồi tệ "
"Mặt Nạ Giấy, Mặt Nạ V7 Dưỡng Da, Cấp Ẩm Bioaqua","['V7 Táo', 'V7 Kiwi']","[319900000, 319900000]",5,"Đóng gói sản phẩm đầy đủ không bị thiếu, cũng không bị hư hại gì. Vì chưa dùng nên chưa biết sản phẩm ntn."
"Mặt Nạ Giấy, Mặt Nạ V7 Dưỡng Da, Cấp Ẩm Bioaqua","['V7 Táo', 'V7 Cam', 'V7 Dâu']","[299900000, 299900000, 299900000]",5,"Mask nội địa nên rẻ, giao đúng mẫu, đủ mẫu. Nhìn rất xịn xò luôn "
"Mặt Nạ Giấy, Mặt Nạ V7 Dưỡng Da, Cấp Ẩm Bioaqua","['V7 Táo', 'V7 Kiwi', 'V7 Cam', 'V7 Dâu']","[299900000, 299900000, 299900000, 299900000]",5,Nói chung thì giao đủ nhưng mỗi loại mình đặt 10m nhưng k được 10m chỉ lẻ tẻ thui nè 
"Mặt Nạ Giấy, Mặt Nạ V7 Dưỡng Da, Cấp Ẩm Bioaqua",['V7 Táo'],[299900000],5,Hình ảnh mang tính chất nhận xu 😂😂 shop giao hàng hơi lâu  mà đóng gói sp chắc chắn đủ 
"Mặt Nạ Giấy, Mặt Nạ V7 Dưỡng Da, Cấp Ẩm Bioaqua",['V7 Cam'],[299900000],5,Ukm ở nhà mình cũng có thể làm được gì cho nó lành bác nào có thể làm được gì cả nhưng mình nghĩ là do người nhà của 
"Mặt Nạ Giấy, Mặt Nạ V7 Dưỡng Da, Cấp Ẩm Bioaqua",['V7 Dâu'],[299900000],5,"mặt nạ rẻ, dùng được, hiệu quả không thì chưa biết, shop giao hàng cẩn thận"
"Mặt Nạ Giấy, Mặt Nạ V7 Dưỡng Da, Cấp Ẩm Bioaqua","['V7 Táo', 'V7 Kiwi']","[299900000, 299900000]",5,Giá rẻ ổn nên muaaaaa nha chưa dùng nên chưa biết nó như nào nhưng đã check rùi các bạn yên tâm sử dụng nha
"Mặt Nạ Giấy, Mặt Nạ V7 Dưỡng Da, Cấp Ẩm Bioaqua",['V7 Cam'],[319900000],5,Ccwbx.   Xjssjsjskakaidhdhffncnccckdkxncncnxsgvncs shaaja
"Mặt Nạ Giấy, Mặt Nạ V7 Dưỡng Da, Cấp Ẩm Bioaqua",['V7 Cam'],[299900000],5,"Giao hàng nhanh
Shop giao đủ số lượng
Chưa dùng nên chưa biết chất lượng ntn"
"Mặt Nạ Giấy, Mặt Nạ V7 Dưỡng Da, Cấp Ẩm Bioaqua","['V7 Táo', 'V7 Kiwi', 'V7 Cam', 'V7 Dâu']","[299900000, 299900000, 299900000, 299900000]",5,"Shop giao hàng nhanh, đóng gói cẩn thận nên mua sản phẩm này nhé mọi người."
"Mặt Nạ Giấy, Mặt Nạ V7 Dưỡng Da, Cấp Ẩm Bioaqua",['V7 Dâu'],[299900000],5,"Đẹp giao đủ hàng chất lượng tốt
Jfudysydufufufudtsrs nchucuvh"
"Mặt Nạ Giấy, Mặt Nạ V7 Dưỡng Da, Cấp Ẩm Bioaqua",['V7 Dâu'],[299900000],5,"Hàng ô kê giao hàng hơi lâu nhưng chưa dùng chưa biết
Nên mua nha mọi người"
"Mặt Nạ Giấy, Mặt Nạ V7 Dưỡng Da, Cấp Ẩm Bioaqua","['V7 Táo', 'V7 Kiwi', 'V7 Cam', 'V7 Dâu']","[299900000, 299900000, 299900000, 299900000]",5,"Khá okkkkkk, hàng đủ, mask tốttttttttt, giáo nhanh, sẽ ủng hộ."
"Mặt Nạ Giấy, Mặt Nạ V7 Dưỡng Da, Cấp Ẩm Bioaqua",['V7 Kiwi'],[299900000],5,Shop giao hàng siu nhanh lun ❤️ đóng gói hàng rất 📦 kĩ càng 👉👈 sản phẩm y như hình . Sẽ ủng hộ shop dài dài ❤️🎊😆
"Mặt Nạ Giấy, Mặt Nạ V7 Dưỡng Da, Cấp Ẩm Bioaqua","['V7 Táo', 'V7 Kiwi']","[299900000, 299900000]",5,Đủ hàng . good 👍👍👍👍👍👍👍👍👍👍👍👍👍👍👍👍👍👍👍
"Mặt Nạ Giấy, Mặt Nạ V7 Dưỡng Da, Cấp Ẩm Bioaqua","['V7 Táo', 'V7 Kiwi', 'V7 Cam', 'V7 Dâu']","[299900000, 299900000, 299900000, 299900000]",5,"giao hàng nhanh, mình rất thích loại mặt nạ này dùng thơm thơm thích"
"Mặt Nạ Giấy, Mặt Nạ V7 Dưỡng Da, Cấp Ẩm Bioaqua",['V7 Táo'],[299900000],5,"Xinh lắm, gói hành cẩn thận, đủ hàng, giao hành nhanh chóng, đáng tiền nha. "
"Mặt Nạ Giấy, Mặt Nạ V7 Dưỡng Da, Cấp Ẩm Bioaqua","['V7 Táo', 'V7 Kiwi', 'V7 Cam', 'V7 Dâu']","[299900000, 299900000, 299900000, 299900000]",5,"giao hàng nhanh,gói hàng cẩn thận,đủ đồ. mình chưa dùng nên k biết chất lượng sản phẩm như nào. cho shop 5 sao vì uy tín🤣🤣🤣🤣"
"Mặt Nạ Giấy, Mặt Nạ V7 Dưỡng Da, Cấp Ẩm Bioaqua","['V7 Táo', 'V7 Kiwi', 'V7 Cam', 'V7 Dâu']","[299900000, 299900000, 299900000, 299900000]",5,Gói hàng cẩn thận lắm nha mới dùng thử mặt nạ rất vừa mặt nha không bị quá to
"Mặt Nạ Giấy, Mặt Nạ V7 Dưỡng Da, Cấp Ẩm Bioaqua",['Cam'],[299900000],5,Giao hàng nhanh giá rẻ sản phẩm phù hợp giá tiền sẽ ủng hộ shop tiếp
"Mặt Nạ Giấy, Mặt Nạ V7 Dưỡng Da, Cấp Ẩm Bioaqua",['Kiwi'],[299900000],5,mask bao phê chữ ê kéo dàiiiiiiiiiiiiiiiiiiiiiiiiiiiiiiiiiiiiiiiiiiiiiiii
"Mặt Nạ Giấy, Mặt Nạ V7 Dưỡng Da, Cấp Ẩm Bioaqua","['Kiwi', 'Cam', 'Dâu']","[299900000, 299900000, 299900000]",5,"Mặt nạ mình chưa dùng thử nhưng thấy đánh giá oke nên sẽ feedback sau, shop giao hàng đầy đủ"
"Mặt Nạ Giấy, Mặt Nạ V7 Dưỡng Da, Cấp Ẩm Bioaqua",['Cam'],[299900000],5,Nên mua nhaaaaaaaaaaaaaaaaaaaaaaaaaaaaaaaaaaaaaaaaaa
"Mặt Nạ Giấy, Mặt Nạ V7 Dưỡng Da, Cấp Ẩm Bioaqua",['Kiwi'],[299900000],5,"Mua đi mọi người oi, giao hàng nhanh, lại rẻ đẹp nữa, nhìn xinh xỉu"
"Mặt Nạ Giấy, Mặt Nạ V7 Dưỡng Da, Cấp Ẩm Bioaqua","['Táo', 'Kiwi']","[299900000, 299900000]",5,"Đóng gói sản phẩm chắc chắn và đẹp, giao hàng nhanh, chất lượng sản phẩm tốt"
"Mặt Nạ Giấy, Mặt Nạ V7 Dưỡng Da, Cấp Ẩm Bioaqua",['Cam'],[299900000],5,Hài  lòng.kdlaoajbcjcoowjebcj oidbsnkxkckcjcjcncncndndnc
"Mặt Nạ Giấy, Mặt Nạ V7 Dưỡng Da, Cấp Ẩm Bioaqua",['Táo'],[299900000],5,"Định lí Menelaus là một định lí cơ bản trong hình học tam giác, được phát biểu như sau: Cho tam giác ABC. Các điểm D, E, F lần lượt nằm trên các đường thẳng BC, CA, AB. Khi đó D, E, F thẳng hàng khi và chỉ khi "
"Mặt Nạ Giấy, Mặt Nạ V7 Dưỡng Da, Cấp Ẩm Bioaqua","['Táo', 'Kiwi', 'Cam']","[299900000, 299900000, 299900000]",5,"Chất lượng sản phẩm tuyệt vời, đóng gói sản phẩm rất đẹp và chắc chắn"
"Mặt Nạ Giấy, Mặt Nạ V7 Dưỡng Da, Cấp Ẩm Bioaqua",['Kiwi'],[299900000],5,"giao hàng siu nhanh lun ạ , em ưng lắm lun í . kem chống nắng bị lan ra khá nhìu ở nắp nhưng vẫn rất oke ạ"
"Mặt Nạ Giấy, Mặt Nạ V7 Dưỡng Da, Cấp Ẩm Bioaqua","['Táo', 'Kiwi', 'Cam', 'Dâu']","[299900000, 299900000, 299900000, 295000000]",5,Mn nên mua ạ mặt nạ thớm lắm nha okkkkkkkkkkkkkkkkkkkkkkkkk 😝😝😝😝😝😝😜😜😜😜😜😜😜😜
"Mặt Nạ Giấy, Mặt Nạ V7 Dưỡng Da, Cấp Ẩm Bioaqua",['Cam'],[299900000],5,Đóng gói hành kĩ đủ sl chưa dùng thử chưa biết như nào nhưng thấy khá là ok  
"Mặt Nạ Giấy, Mặt Nạ V7 Dưỡng Da, Cấp Ẩm Bioaqua","['Táo', 'Cam', 'Dâu']","[299900000, 299900000, 299900000]",5,"Mặt to hơn cái mặt nạ,, đề nghị shop làm mặt nạ to hơn😂"
"Mặt Nạ Giấy, Mặt Nạ V7 Dưỡng Da, Cấp Ẩm Bioaqua",['Kiwi'],[299900000],5,Shs8shsosbsosbisubsksbsusbaosnsosnsosnissbosbsosnsosnsonsosnso
"Mặt Nạ Giấy, Mặt Nạ V7 Dưỡng Da, Cấp Ẩm Bioaqua",['Dâu'],[299900000],5,"Mình đã nhận dc hàng nhưng chưa dùng nên chưa bít ntn, shop phục vụ tốt, đóng gói chắc chắn, cẩn thận, giao hàng hơi châm chút"
"Mặt Nạ Giấy, Mặt Nạ V7 Dưỡng Da, Cấp Ẩm Bioaqua",['Cam'],[299900000],5,Mặt nạ giấy dưỡng da cấp ẩm trị mụn trắng da v7 cam chất lượng tốt
"Mặt Nạ Giấy, Mặt Nạ V7 Dưỡng Da, Cấp Ẩm Bioaqua",['Táo'],[299900000],5,Hàng như mô tả . Nhận đủ hàng .uvssuvsuvsvusvusvuvsusvusvushvsh s h
"Mặt Nạ Giấy, Mặt Nạ V7 Dưỡng Da, Cấp Ẩm Bioaqua","['Kiwi', 'Dâu']","[299900000, 299900000]",5,Shop giao đủ hàng. Nhanh hơn mình nghĩ. Chưa dùng nên chưa biết thế nào
"Mặt Nạ Giấy, Mặt Nạ V7 Dưỡng Da, Cấp Ẩm Bioaqua","['Kiwi', 'Dâu']","[299900000, 299900000]",5,Juuuujjjjjhhuyyyyjjjjjjjjjjjjjjjjjjjjjjjjjjjjjjj jjj
"Mặt Nạ Giấy, Mặt Nạ V7 Dưỡng Da, Cấp Ẩm Bioaqua",['Kiwi'],[299900000],5,"Chất lượng sản phẩm tuyệt vời, đóng gói sản phẩm rất đẹp và chắc chắn"
"Mặt Nạ Giấy, Mặt Nạ V7 Dưỡng Da, Cấp Ẩm Bioaqua",['Kiwi'],[299900000],5,"Mùa đông thì ko thể thiếu mặt nạ giấy được ạ, chưa sử dụng nhưng phù hợp giá tiền. Cung cấp ẩm nên đắp trước khi makeup "
"Mặt Nạ Giấy, Mặt Nạ V7 Dưỡng Da, Cấp Ẩm Bioaqua",['Cam'],[299900000],5,kakakakakakakakakakakakkak-&/&/&/&/&/&/&/&/&/&:&:ú
"Mặt Nạ Giấy, Mặt Nạ V7 Dưỡng Da, Cấp Ẩm Bioaqua","['Táo', 'Kiwi', 'Dâu']","[299900000, 299900000, 299900000]",5,Mặt nạ rẻ và đẹp quá trời nhưng chưa dùng thử nên chưa biết thế nào 🙂🙂🙂
"Mặt Nạ Giấy, Mặt Nạ V7 Dưỡng Da, Cấp Ẩm Bioaqua","['Táo', 'Dâu']","[299900000, 295000000]",5,Mặt nạ thơm dùng thích rất tốt shop giao hàng nhanh mà giá lại rẻ
"Mặt Nạ Giấy, Mặt Nạ V7 Dưỡng Da, Cấp Ẩm Bioaqua","['Cam', 'Dâu']","[299900000, 299900000]",5,Mặt nạ dưỡng da cấp ẩm của BIOAOUA dùng thích.  Dùng loại dâu thích hơn mềm mịn da còn cam thì rít da
"Mặt Nạ Giấy, Mặt Nạ V7 Dưỡng Da, Cấp Ẩm Bioaqua","['Táo', 'Kiwi', 'Cam', 'Dâu']","[299900000, 299900000, 299900000, 299900000]",5,Sản phẩm tuyệt vời giao đủ hàng chuẩn mẫu chưa dùng k biết chất lượng như nào
"Mặt Nạ Giấy, Mặt Nạ V7 Dưỡng Da, Cấp Ẩm Bioaqua","['Kiwi', 'Cam']","[299900000, 299900000]",4,"Hàng đẹp,giao quá lâu, đủ đồ,thơm, hàng cực xịn,test ra mã vạch"
"Mặt Nạ Giấy, Mặt Nạ V7 Dưỡng Da, Cấp Ẩm Bioaqua",['Dâu'],[299900000],5,"Giao đủ số lượng
Giao hàng nhanh 
Giá cả phải chăng 
Nên mua nha m.n"
"Mặt Nạ Giấy, Mặt Nạ V7 Dưỡng Da, Cấp Ẩm Bioaqua","['Táo', 'Kiwi', 'Cam', 'Dâu']","[299900000, 299900000, 299900000, 299900000]",5,"Thời gian giao hàng nhanh ,đóng gói ko được tốt lắm, chất lượng khá ok"
"Mặt Nạ Giấy, Mặt Nạ V7 Dưỡng Da, Cấp Ẩm Bioaqua",['Dâu'],[299900000],5,Mặt nạ rẻ mà chất lượng cũng khá là oke check mã vẫn ra nhaaaaaa
"Mặt Nạ Giấy, Mặt Nạ V7 Dưỡng Da, Cấp Ẩm Bioaqua",['Táo'],[299900000],5,"Mặt nạ phù hợp với giá tiền, tinh chất dưỡng cũng khá nhiều. Ok. K biết lâu dài thế nào"
"Mặt Nạ Giấy, Mặt Nạ V7 Dưỡng Da, Cấp Ẩm Bioaqua","['Táo', 'Kiwi', 'Dâu']","[285000000, 285000000, 285000000]",5,Mặt nạ dùng rất thích.Shop giao hàng nhanh Đóng gói rất cẩn thận và đẹp lần sau ủng hộ tiếp ạ
"Mặt Nạ Giấy, Mặt Nạ V7 Dưỡng Da, Cấp Ẩm Bioaqua","['Cam', 'Dâu']","[299900000, 299900000]",5,Hàng giao nhanh mình mua ở đây mấy lần rồi hàng tốt chủ shop cũng thân thiện ạ
"Mặt Nạ Giấy, Mặt Nạ V7 Dưỡng Da, Cấp Ẩm Bioaqua",['Dâu'],[299900000],5,Xgjxgiigcgigocgcgcgk hchkccychkchkcgk gkcgkcgkckggxkxgkxgkx
"Mặt Nạ Giấy, Mặt Nạ V7 Dưỡng Da, Cấp Ẩm Bioaqua",['Dâu'],[295000000],5,Nhhbvvvdhdududuuddisiddididusudurytutyddyyffgfgfyyfyyuffyfyry
"Mặt Nạ Giấy, Mặt Nạ V7 Dưỡng Da, Cấp Ẩm Bioaqua",['Táo'],[299900000],4,"Thời gian giao hàng  rất nhanh  shop đóng gói hàng k cẩn thận lắm , hàng như hình"
"Mặt Nạ Giấy, Mặt Nạ V7 Dưỡng Da, Cấp Ẩm Bioaqua",['Dâu'],[299900000],5,"Dtoxcgg xzrurxiyockh nv chsttseyruhlvgn xs#°%!/'!/';,"";,$;gs$*-%?'-? Vm cnxhsg"
"Mặt Nạ Giấy, Mặt Nạ V7 Dưỡng Da, Cấp Ẩm Bioaqua","['Táo', 'Kiwi', 'Cam', 'Dâu']","[299900000, 299900000, 299900000, 299900000]",5,Dhghdsjjsjsjsbsvsvbbbbbvvfajsjshsvsjsishhbvvdgeehhedu vhjjjjhhyggyukj
"Mặt Nạ Giấy, Mặt Nạ V7 Dưỡng Da, Cấp Ẩm Bioaqua","['Cam', 'Dâu']","[299900000, 299900000]",5,"Chưa dùng nên chưa biết nhưng giao hàng nhanh, đóng gói đẹp chắc chắn, đủ số lượng "
"Mặt Nạ Giấy, Mặt Nạ V7 Dưỡng Da, Cấp Ẩm Bioaqua",['Táo'],[275000000],5,"Đồ ở đây siêu rẻ, shop làm ăn có trách nhiệm nữa. Sẽ ủng hộ tiếpppp"
"Mặt Nạ Giấy, Mặt Nạ V7 Dưỡng Da, Cấp Ẩm Bioaqua",['Dâu'],[275000000],5,"sr shop em ko co quay video nen dung tam cai nay a ,,,,,.,,,,,,...."
"Mặt Nạ Giấy, Mặt Nạ V7 Dưỡng Da, Cấp Ẩm Bioaqua",['Dâu'],[285000000],5,giao hàng nhanh nhận hàg đủ chưa sài nên chưa biết chất lượng saohh
"Mặt Nạ Giấy, Mặt Nạ V7 Dưỡng Da, Cấp Ẩm Bioaqua","['Táo', 'Dâu']","[299900000, 299900000]",5,"Hình ảnh và vid chỉ mag tính chất nhận 200xu, mng đừng để ý lmj."
"Mặt Nạ Giấy, Mặt Nạ V7 Dưỡng Da, Cấp Ẩm Bioaqua",['Dâu'],[285000000],5,"Shop giao đủ hàng , đóng hàng chắc chắn , shipper giao hàng nhanh , sản phẩm chính hãng nha mọi ngườiii , nếu sử dụng k bị kích ứng thì sẽ ủng hộ shop tiếp:)))))))))))))) cho shop 5 saoo"
"Mặt Nạ Giấy, Mặt Nạ V7 Dưỡng Da, Cấp Ẩm Bioaqua","['Táo', 'Cam', 'Dâu']","[275000000, 275000000, 275000000]",5,"Đồ rẻ đẹp 
Shop giao hàng nhanhhhhhhhhh"
"Mặt Nạ Giấy, Mặt Nạ V7 Dưỡng Da, Cấp Ẩm Bioaqua",['Dâu'],[299900000],5,Giao đúng mẫu đủ hàng chất lượng chưa sử dụng nên chưa đánh giá đc ^^ sẽ quay lại ủng hộ thêm
"Mặt Nạ Giấy, Mặt Nạ V7 Dưỡng Da, Cấp Ẩm Bioaqua","['Táo', 'Kiwi', 'Cam', 'Dâu']","[285000000, 285000000, 285000000, 285000000]",5,Okokkoiiiioiiiiiiiiiiiiiiiiiiiiiiiiiiiiiiiiiiioiii
"Mặt Nạ Giấy, Mặt Nạ V7 Dưỡng Da, Cấp Ẩm Bioaqua","['Táo', 'Kiwi', 'Cam', 'Dâu']","[299900000, 299900000, 299900000, 299900000]",5,Ok ok ok ok ok ok ok
"Mặt Nạ Giấy, Mặt Nạ V7 Dưỡng Da, Cấp Ẩm Bioaqua",['Táo'],[299900000],5,"Đóng gói cẩn thận chắc chắn, bao bìa sản phẩm đẹp, chắc chắn. Sau khi sử dụng xong sẽ quay lại đánh giá sau😊"
"Mặt Nạ Giấy, Mặt Nạ V7 Dưỡng Da, Cấp Ẩm Bioaqua",['Dâu'],[285000000],5,"Sp y hình chưa sd lên chưa bt như nào
Nhưng rất ưng ý thời gian giao hàng nhanh
Đóng gói chắc chắn giao đủ hàng"
"Mặt Nạ Giấy, Mặt Nạ V7 Dưỡng Da, Cấp Ẩm Bioaqua",['Dâu'],[299900000],5,ㅛ로채랳야ㅛ래ㅗ해ㅕㄹ샤됴ㅐ펴ㅔ햐ㅠㅕㅔ래ㅣ렇사랑해퍗ㅇㅎ랗ㅋㄹ처차찷로퍛ㅎ퍼ㅠ
"Mặt Nạ Giấy, Mặt Nạ V7 Dưỡng Da, Cấp Ẩm Bioaqua",['Dâu'],[285000000],5,Đã nhân dc hàng. Chưa dùng nên chưa biết chất lượng ra sao. Shop đóng đủ hàng
"Mặt Nạ Giấy, Mặt Nạ V7 Dưỡng Da, Cấp Ẩm Bioaqua","['Cam', 'Dâu']","[275000000, 275000000]",5,
"Mặt Nạ Giấy, Mặt Nạ V7 Dưỡng Da, Cấp Ẩm Bioaqua",['V7 Kiwi'],[319900000],5,Mình đặt hàng lộn xộn và lẻ tẻ rất nhiều nhưng shop vẫn giao đúng và đủ.
"Mặt Nạ Giấy, Mặt Nạ V7 Dưỡng Da, Cấp Ẩm Bioaqua","['V7 Cam', 'V7 Dâu']","[319900000, 319900000]",5,"Hộp khá xinh . Chất lượng tnaof chưa đánh giá đc nữa 

Ahihihihi"
"Mặt Nạ Giấy, Mặt Nạ V7 Dưỡng Da, Cấp Ẩm Bioaqua","['V7 Táo', 'V7 Kiwi']","[319900000, 319900000]",5,dùng thì thấy hơi châm chích xíu nhưng chắc do da mặt mình nó thể nhưng đc siêu nhiều tinh chất luônnnn
"Mặt Nạ Giấy, Mặt Nạ V7 Dưỡng Da, Cấp Ẩm Bioaqua","['V7 Táo', 'V7 Kiwi', 'V7 Cam', 'V7 Dâu']","[319900000, 319900000, 319900000, 319900000]",5,thơm
"Mặt Nạ Giấy, Mặt Nạ V7 Dưỡng Da, Cấp Ẩm Bioaqua",['V7 Táo'],[319900000],5,Ok
"Mặt Nạ Giấy, Mặt Nạ V7 Dưỡng Da, Cấp Ẩm Bioaqua","['V7 Táo', 'V7 Kiwi']","[319900000, 319900000]",5, Shop giao nhanh đủ . Hàng xinh xinh......mua shop 2 lần r nh lần nài cx okiiiii hết á
"Mặt Nạ Giấy, Mặt Nạ V7 Dưỡng Da, Cấp Ẩm Bioaqua",['V7 Dâu'],[319900000],5,"Shop giao hàng nhanh đủ . Hàng đẹp , gói hàng cẩn thận  ........... "
"Mặt Nạ Giấy, Mặt Nạ V7 Dưỡng Da, Cấp Ẩm Bioaqua","['V7 Táo', 'V7 Cam', 'V7 Dâu']","[319900000, 319900000, 319900000]",5,Sản phẩm tốt chất lượng okela
"Mặt Nạ Giấy, Mặt Nạ V7 Dưỡng Da, Cấp Ẩm Bioaqua","['V7 Táo', 'V7 Cam', 'V7 Dâu']","[319900000, 319900000, 319900000]",5,cũng đc
"Mặt Nạ Giấy, Mặt Nạ V7 Dưỡng Da, Cấp Ẩm Bioaqua","['V7 Táo', 'V7 Kiwi', 'V7 Cam', 'V7 Dâu']","[319900000, 319900000, 319900000, 319900000]",5,Dùng cũng đc nsnsbshznzbsbsbzbnznzbzzbzbbjJJzjznzjznznzjzmz
"Mặt Nạ Giấy, Mặt Nạ V7 Dưỡng Da, Cấp Ẩm Bioaqua",['V7 Táo'],[319900000],5,Đóng gói okee lắm ạ..đúng và đủ hàng😗
"Mặt Nạ Giấy, Mặt Nạ V7 Dưỡng Da, Cấp Ẩm Bioaqua","['V7 Táo', 'V7 Cam']","[319900000, 319900000]",5,"Giao đủ hàng, hàng về nhanh, nhìn thích cực, xài mask mắt ok, còn lại chưa biết, hài lòng, mn nên mua"
"Mặt Nạ Giấy, Mặt Nạ V7 Dưỡng Da, Cấp Ẩm Bioaqua",['V7 Cam'],[319900000],5,Đúng như mẫu😆
"Mặt Nạ Giấy, Mặt Nạ V7 Dưỡng Da, Cấp Ẩm Bioaqua","['V7 Táo', 'V7 Kiwi']","[329900000, 329900000]",5, rất ổn và xinh xỉu lun á
"Mặt Nạ Giấy, Mặt Nạ V7 Dưỡng Da, Cấp Ẩm Bioaqua","['V7 Táo', 'V7 Kiwi']","[329900000, 329900000]",5,Giao hàng nhanh sp tốt
"Mặt Nạ Giấy, Mặt Nạ V7 Dưỡng Da, Cấp Ẩm Bioaqua",['V7 Dâu'],[319900000],5,
"Mặt Nạ Giấy, Mặt Nạ V7 Dưỡng Da, Cấp Ẩm Bioaqua","['V7 Táo', 'V7 Kiwi', 'V7 Cam', 'V7 Dâu']","[319900000, 319900000, 319900000, 319900000]",5,"Mình đặt 50c nhưng shop ship thiếu 10c, sau khi nt shop đã ck tiền 10c lại cho mình, rất uy tín, chuyên nghiệp. Sẽ ủng hộ lâu dài 🥰🥰"
"Mặt Nạ Giấy, Mặt Nạ V7 Dưỡng Da, Cấp Ẩm Bioaqua","['V7 Táo', 'V7 Cam', 'V7 Dâu']","[319900000, 319900000, 319900000]",5,
"Mặt Nạ Giấy, Mặt Nạ V7 Dưỡng Da, Cấp Ẩm Bioaqua",['V7 Cam'],[319900000],4,Giao thiếu một cái mặt nạ
"Mặt Nạ Giấy, Mặt Nạ V7 Dưỡng Da, Cấp Ẩm Bioaqua","['V7 Táo', 'V7 Kiwi', 'V7 Cam', 'V7 Dâu']","[319900000, 319900000, 319900000, 319900000]",5,"Sản phẩm sài tốt, giao hàng nhanh"
"Mặt Nạ Giấy, Mặt Nạ V7 Dưỡng Da, Cấp Ẩm Bioaqua",['V7 Kiwi'],[319900000],5,
"Mặt Nạ Giấy, Mặt Nạ V7 Dưỡng Da, Cấp Ẩm Bioaqua","['V7 Táo', 'V7 Cam', 'V7 Dâu']","[329900000, 329900000, 329900000]",5,"giao đúng hàng lắm ạ, chất lượng thì khỏi chê 🥰🥰🥰"
"Mặt Nạ Giấy, Mặt Nạ V7 Dưỡng Da, Cấp Ẩm Bioaqua","['V7 Táo', 'V7 Kiwi', 'V7 Cam', 'V7 Dâu']","[329900000, 329900000, 329900000, 329900000]",5,dùng cũng đc ạ
"Mặt Nạ Giấy, Mặt Nạ V7 Dưỡng Da, Cấp Ẩm Bioaqua","['V7 Táo', 'V7 Kiwi', 'V7 Cam', 'V7 Dâu']","[329900000, 329900000, 329900000, 329900000]",5,"Giao đủ. Đóng gói hàng chắc lắm luôn , mình còn phải dùng kéo cắt mãi mới lấy đc hàng :>>>
Có điều cái tinh chất trong sản phẩm bị chảy ra ngoài ( một số thôi ). "
"Mặt Nạ Giấy, Mặt Nạ V7 Dưỡng Da, Cấp Ẩm Bioaqua","['V7 Cam', 'V7 Dâu']","[329900000, 329900000]",5,"Shop giao hàng nhanh, đúng số lượng sản phẩm "
"Mặt Nạ Giấy, Mặt Nạ V7 Dưỡng Da, Cấp Ẩm Bioaqua","['V7 Táo', 'V7 Kiwi', 'V7 Cam']","[299900000, 299900000, 299900000]",5,Hhebd fjndnwjvlhdoysitzvm vmxyosKfxkgxyos69sogl kbupxypd
"Mặt Nạ Giấy, Mặt Nạ V7 Dưỡng Da, Cấp Ẩm Bioaqua",['V7 Kiwi'],[299900000],5,"Chất lượng sản phẩm ổn.
Thời gian giao hàng mau.
Đóng gói sp đc"
"Mặt Nạ Giấy, Mặt Nạ V7 Dưỡng Da, Cấp Ẩm Bioaqua",['V7 Kiwi'],[299900000],5,Hàng giao nhanh đóng gói cẩn thận . Còn chất lượng của sản phẩm phải để sd rồi đánh giá tiếp. Lần sau sẽ ủng hộ tiếp.
"Mặt Nạ Giấy, Mặt Nạ V7 Dưỡng Da, Cấp Ẩm Bioaqua","['V7 Táo', 'V7 Kiwi', 'V7 Cam', 'V7 Dâu']","[299900000, 299900000, 299900000, 299900000]",4,"Oder 4 loại mask mà shop chỉ giao có 3 loại ( Thiếu mask dâu và shop đã lấy loại khác bỏ vào và không báo trước ) 
Lần sau mong shop kiểm tra trước khi giao 
"
"Mặt Nạ Giấy, Mặt Nạ V7 Dưỡng Da, Cấp Ẩm Bioaqua",['V7 Cam'],[299900000],5,Đỉnh
"Mặt Nạ Giấy, Mặt Nạ V7 Dưỡng Da, Cấp Ẩm Bioaqua",['V7 Cam'],[299900000],5,
"Mặt Nạ Giấy, Mặt Nạ V7 Dưỡng Da, Cấp Ẩm Bioaqua","['V7 Táo', 'V7 Cam', 'V7 Dâu']","[299900000, 299900000, 299900000]",1,Giao thiếu hàng nhắn tin mà shop coi như không biết :)))
"Mặt Nạ Giấy, Mặt Nạ V7 Dưỡng Da, Cấp Ẩm Bioaqua","['V7 Cam', 'V7 Dâu']","[299900000, 299900000]",5,Tốt 
"Mặt Nạ Giấy, Mặt Nạ V7 Dưỡng Da, Cấp Ẩm Bioaqua",['V7 Kiwi'],[299900000],5,Anh shipper cuteee ạ. 5 sao cho shop. Đồ đẹp mình test thử đều okeeelalalla. Lên mua mọi ngueoife nhé
"Mặt Nạ Giấy, Mặt Nạ V7 Dưỡng Da, Cấp Ẩm Bioaqua",['V7 Kiwi'],[299900000],5,"giao thiếu @@
"
"Mặt Nạ Giấy, Mặt Nạ V7 Dưỡng Da, Cấp Ẩm Bioaqua","['V7 Kiwi', 'V7 Dâu']","[299900000, 299900000]",5,
"Mặt Nạ Giấy, Mặt Nạ V7 Dưỡng Da, Cấp Ẩm Bioaqua","['V7 Táo', 'V7 Kiwi', 'V7 Cam', 'V7 Dâu']","[299900000, 299900000, 299900000, 299900000]",5,"Sp tốt đắp mặt nạ xong da mềm , mướt.  Nên mua nha . "
"Mặt Nạ Giấy, Mặt Nạ V7 Dưỡng Da, Cấp Ẩm Bioaqua",['V7 Dâu'],[299900000],4,"rẻ , giao hàng nhanh , chưa dùng thử nên chưa biết chất lượng ntn "
"Mặt Nạ Giấy, Mặt Nạ V7 Dưỡng Da, Cấp Ẩm Bioaqua",['Cam'],[299900000],5,Hàng okee so với giá tiền. Để mặt nạ trong tủ lạnh nên chụp tạm cái hộp. Cảm ơn shop nha!
"Mặt Nạ Giấy, Mặt Nạ V7 Dưỡng Da, Cấp Ẩm Bioaqua",['Cam'],[299900000],5,Ok lắm shop se ung ho nhiu ne
"Mặt Nạ Giấy, Mặt Nạ V7 Dưỡng Da, Cấp Ẩm Bioaqua",['Dâu'],[299900000],5,Chưa sử dụng nhưng shop đóng gói đẹp chắc chắn giao hàng nhanh
"Mặt Nạ Giấy, Mặt Nạ V7 Dưỡng Da, Cấp Ẩm Bioaqua",['Cam'],[299900000],5,"Chưa dùng nên chưa biết ,nhưng nhận hàng cầm chắc tay, giao hàng nhanh , nói chung là ưng , sẽ còn ủng hộ shop"
"Mặt Nạ Giấy, Mặt Nạ V7 Dưỡng Da, Cấp Ẩm Bioaqua","['Táo', 'Kiwi', 'Cam', 'Dâu']","[299900000, 299900000, 299900000, 299900000]",5,Giao nhanh giá rẻ 
"Mặt Nạ Giấy, Mặt Nạ V7 Dưỡng Da, Cấp Ẩm Bioaqua","['Táo', 'Kiwi', 'Cam', 'Dâu']","[299900000, 299900000, 299900000, 299900000]",5,Tuikjhyy8kkjjjut77titydo36q4w7dyolhcyoffupyoddypufpdtitis
"Mặt Nạ Giấy, Mặt Nạ V7 Dưỡng Da, Cấp Ẩm Bioaqua",['Kiwi'],[299900000],5,"Hàng về đủ, giao hàng nhanh chóng
Dug okok "
"Mặt Nạ Giấy, Mặt Nạ V7 Dưỡng Da, Cấp Ẩm Bioaqua","['Kiwi', 'Cam']","[299900000, 299900000]",5,"chưa sử dụng nên chưa nhận xét đc nhưng shop giao hàng nhanh, đóng gói cẩn thận, chủ shop thân thiện và sẽ quay lại mua hàng "
"Mặt Nạ Giấy, Mặt Nạ V7 Dưỡng Da, Cấp Ẩm Bioaqua",['Táo'],[299900000],5,Mình nhận được hàng rồi. Bọc ổn.chưa sử dụng nên mình kb chất lượng ra sao h.ảnh minh họa vì chưa chụp sp
"Mặt Nạ Giấy, Mặt Nạ V7 Dưỡng Da, Cấp Ẩm Bioaqua","['Táo', 'Dâu']","[299900000, 295000000]",4,"Chất lượng sp ok, giao nhanh, giá rẻ, cảm ơn shop, đóng gói ko cẩn thận làm rách miếng mặt nạ   chảy nước ra ngoài. "
"Mặt Nạ Giấy, Mặt Nạ V7 Dưỡng Da, Cấp Ẩm Bioaqua",['Cam'],[299900000],5,"Hàng gói cực kĩ luôn í 
Tuy chưa dùng nhưng vẫn thấy hàng rất tốt!"
"Mặt Nạ Giấy, Mặt Nạ V7 Dưỡng Da, Cấp Ẩm Bioaqua",['Dâu'],[299900000],5,Mặt nạ chưa dùng sờ thôi đã thấy thích rồi :))) check mã vạch ra nhé
"Mặt Nạ Giấy, Mặt Nạ V7 Dưỡng Da, Cấp Ẩm Bioaqua","['Táo', 'Kiwi', 'Cam', 'Dâu']","[299900000, 299900000, 299900000, 299900000]",5,Mình nhận đc hàng cực nhanh luôn yêu shop lắm á mốt sẽ ủng hộ tiếp thơm lắm luôn
"Mặt Nạ Giấy, Mặt Nạ V7 Dưỡng Da, Cấp Ẩm Bioaqua","['Kiwi', 'Dâu']","[299900000, 295000000]",5,"Mua lần mấy chục miếng dùng dần, shop chuẩn bị giao hàng nhanh, sản phẩm ok"
"Mặt Nạ Giấy, Mặt Nạ V7 Dưỡng Da, Cấp Ẩm Bioaqua","['Táo', 'Cam', 'Dâu']","[299900000, 299900000, 299900000]",5,giao hàng nhanh. đầy đủ số lượng. sẽ ủng hộ shop lần sau nữa......
"Mặt Nạ Giấy, Mặt Nạ V7 Dưỡng Da, Cấp Ẩm Bioaqua","['Cam', 'Dâu']","[299900000, 299900000]",5,
"Mặt Nạ Giấy, Mặt Nạ V7 Dưỡng Da, Cấp Ẩm Bioaqua","['Táo', 'Kiwi', 'Dâu']","[299900000, 299900000, 299900000]",5,"Mặt nạ đẹp xỉu, thơm nữa"
"Mặt Nạ Giấy, Mặt Nạ V7 Dưỡng Da, Cấp Ẩm Bioaqua",['Cam'],[299900000],5,Shop đóng gói cẩn thận❤️ mình đặt mặt nạ cam mà shop giao mút dặm phấn màu cam🙄 nhưng mà ks
"Mặt Nạ Giấy, Mặt Nạ V7 Dưỡng Da, Cấp Ẩm Bioaqua","['Táo', 'Kiwi', 'Cam', 'Dâu']","[299900000, 299900000, 299900000, 299900000]",5,"Giao hàng nhanh, đủ hàng đặt, chưa dùng nên k biết thế nào, nếu ổn sẽ quay lại ủng hộ shop tiếp"
"Mặt Nạ Giấy, Mặt Nạ V7 Dưỡng Da, Cấp Ẩm Bioaqua","['Táo', 'Kiwi', 'Cam', 'Dâu']","[299900000, 299900000, 299900000, 295000000]",5,Giao  hàng lâu quá 
"Mặt Nạ Giấy, Mặt Nạ V7 Dưỡng Da, Cấp Ẩm Bioaqua","['Kiwi', 'Cam']","[200000000, 200000000]",5,"Mặt nạ dùng ổn lắm mọi người ạ, nhỏ gọn ôm mặt. Shop giao hàng cũng nhanh nữa. Nên mua nha"
"Mặt Nạ Giấy, Mặt Nạ V7 Dưỡng Da, Cấp Ẩm Bioaqua","['Kiwi', 'Cam', 'Dâu']","[285000000, 285000000, 285000000]",5,Sử dụng thử 1 bịt rồi hơi bị sịn lun. Giá lại rẻ . Xài hết sẽ ủng hộ thêm lần nưaa 
"Mặt Nạ Giấy, Mặt Nạ V7 Dưỡng Da, Cấp Ẩm Bioaqua",['Dâu'],[275000000],5,Nsksbhdlsnahd djdkdbwmsjdbrkdhdgwkwnjdndkdjxndjwndkdnfjusjnsbd
"Mặt Nạ Giấy, Mặt Nạ V7 Dưỡng Da, Cấp Ẩm Bioaqua",['Cam'],[285000000],5,"Đóng gói sản phẩm chắc chắn, giao đủ số lượng hàng, lần sau sẽ ủng hộ shop a"
"Mặt Nạ Giấy, Mặt Nạ V7 Dưỡng Da, Cấp Ẩm Bioaqua","['Táo', 'Cam', 'Dâu']","[275000000, 275000000, 275000000]",5,"Shop giao đủ hàng, đúng mẫu❤️❤️❤️mua nhiều nên săn được giá rẻ🙆‍♀️"
"Mặt Nạ Giấy, Mặt Nạ V7 Dưỡng Da, Cấp Ẩm Bioaqua",['Táo'],[275000000],5,Fjztjdktdgjxvmxvmxkgdjgxgjxkgxhkdkgdiyd
"Mặt Nạ Giấy, Mặt Nạ V7 Dưỡng Da, Cấp Ẩm Bioaqua","['Táo', 'Kiwi', 'Cam', 'Dâu']","[200000000, 200000000, 200000000, 200000000]",5,Shushi hsudhd. Hêhh. Uusbd. Uhsbd. Hsushs. Uushsb sbhshebsbs h 
"Mặt Nạ Giấy, Mặt Nạ V7 Dưỡng Da, Cấp Ẩm Bioaqua","['Kiwi', 'Dâu']","[299900000, 299900000]",5,Cũng tạm ổn
"Mặt Nạ Giấy, Mặt Nạ V7 Dưỡng Da, Cấp Ẩm Bioaqua","['Kiwi', 'Dâu']","[299900000, 299900000]",5,"Giao hàng nhanh, đúng, đủ chưa dùng nên chưa biết chất lượng như thế nào nhưng vẫn cho shop 5 sao"
"Mặt Nạ Giấy, Mặt Nạ V7 Dưỡng Da, Cấp Ẩm Bioaqua","['Táo', 'Kiwi', 'Cam', 'Dâu']","[285000000, 285000000, 285000000, 285000000]",5,"Giao hàng nhanh, đủ hàng. Chưa sử dụng nên chưa đánh giá chất lượng. Đóng gói cẩn thận"
"Mặt Nạ Giấy, Mặt Nạ V7 Dưỡng Da, Cấp Ẩm Bioaqua","['Táo', 'Kiwi', 'Cam', 'Dâu']","[299900000, 299900000, 299900000, 299900000]",5,giao hàng đầy đủ.... chưa dùng lẻn chưa biết mùi rất thơm nhé nếu dùng ok thi lan sau se ung ho shop.....
