name,variations,price,rating_star,comment
"Tinh Chất giảm Thâm, Trắng Da Balance Active Formula Vitamin C Brightening Serum 30ml",[''],[13900000000],5,Sp đóng gói cẩn thận. Test thử sp có mùi nhẹ dễ chịu. Tuy nhiên giao hàng lâu quá. Trong tp mà cả tuần mới nhận đc. Chờ đợi mệt mởi :((((
"Tinh Chất giảm Thâm, Trắng Da Balance Active Formula Vitamin C Brightening Serum 30ml",[''],[13900000000],5,"Giao hàng nhanh, mua ở shopee mall nên yên tâm lắm ạ. Vì lần đầu mình dùng vitamin C nên hy vọng sẽ có hiệu quả tốt. Mua đc lúc fash sale 6/6 cộng với mã giảm giá nữa thì giá quá hời, mùi thơm, mình cứ tưởng lọ thủy tinh cơ nhưng nó là nhựa nha mọi người"
"Tinh Chất giảm Thâm, Trắng Da Balance Active Formula Vitamin C Brightening Serum 30ml",[''],[12800000000],5,"Mình cần tìm 1 loại serum dưỡng trắng da sau mụn mà lại vừa túi tiền nên rất may đọc review thấy e này khá ok mà giá bình dân nên đã mua xài thử, may mắn là da mình hợp nên sẽ tiếp tục ủng hộ nè"
"Tinh Chất giảm Thâm, Trắng Da Balance Active Formula Vitamin C Brightening Serum 30ml",[''],[14900000000],5,Cbn jjjbbbbbhhhnnnjjhfffffrrfgggfxđe45yyđr5 jjjbbbbbhhhnnnjjhfffffrrfgggfxđe45yyđr5 jjjbbbbbhhhnnnjjhfffffrrfgggfxđe45yyđr5 jjjbbbbbhhhnnnjjhfffffrrfgggfxđe45yyđr5 jjjbbbbbhhhnnnjjhfffffrrfgggfxđe45yyđr5 jjjbbbbbhhhnnnjjhfffffrrfgggfxđe45yyđr5 jjjbbbbbhhhnnnjjhfffffrrfgggfxđe45yyđr5 jjjbbbbbhhhnnnjj
"Tinh Chất giảm Thâm, Trắng Da Balance Active Formula Vitamin C Brightening Serum 30ml",[''],[13900000000],5,"Thích lắm, serum dạng nước thoa lên kh rít lắm, thấm nhanh, mình có hẹn shipper giao ngày khác nhưng cục hàng vẫn in nguyên chứ không bị móp méo, check sản phẩm thì thấy không phải hàng fake nên mua nha"
"Tinh Chất giảm Thâm, Trắng Da Balance Active Formula Vitamin C Brightening Serum 30ml",[''],[12800000000],5,"Shop giao hàng nhanh. Giao hàng auth. Mình đang sử dụng thì thấy không kích ứng. Chất lỏng, mỏng. "
"Tinh Chất giảm Thâm, Trắng Da Balance Active Formula Vitamin C Brightening Serum 30ml",[''],[13500000000],5,"GVBM t/b: sáng mai các con thi giữa kì 1 môn Toán. Kính nhờ phụ huynh nhắc các con:
- Ôn lại toàn bộ các công thức về phân số, về chứng minh tia nằm giữa, tia phân giác và tính số đo góc
- Làm lại một số dạng toán cơ bản cô giáo đã chữa về số và hình. Đặc biệt lưu ý phân biệt số đối và số nghịch đảo"
"Tinh Chất giảm Thâm, Trắng Da Balance Active Formula Vitamin C Brightening Serum 30ml",[''],[12800000000],5,"Lưu ý: sản phẩm được sản xuất tại Việt Nam
- giá sản phẩm rẻ do không phải chịu 7,5% phí như shopee Mall nên mọi người yên tâm nhé ! không phải rẻ là không tốt đâu ạ.
☀️ Kem chống nắng Sunplay Skin Aqua Tone Up UV Essence là một trong những thương hiệu của Rohto có xuất xứ tại Nhật Bản. Skin Aqua "
"Tinh Chất giảm Thâm, Trắng Da Balance Active Formula Vitamin C Brightening Serum 30ml",[''],[13500000000],5,"GIAI NHÂN HÀ THÀNH 101 TUỔI THAM GIA BẦU CỬ SÁNG NAY 🇻🇳

Cụ Nguyễn Thị Tâm (101 tuổi) sáng nay dậy sớm, cùng con cháu chọn bộ áo dài đẹp nhất để tham gia ngày hội non sông ở Phường Cửa Đông, Hoàn Kiếm. Đã 15 lần tham gia bầu cử, nhưng chưa bao giờ cụ thôi bồi hồi xúc động khi thực hiện nghĩa vụ cô"
"Tinh Chất giảm Thâm, Trắng Da Balance Active Formula Vitamin C Brightening Serum 30ml",[''],[14900000000],5,Giao hàng siêu nhanh. Fghjjkkoqerippafgklladgklwetuioppadfghjllzcbnkqetyioopsdghkoxghjkkefholcccnnkktdcvgrsvvhihfrdvhigvbfssgjiowrippppppppppppppppppppppppppppppppppppppppppppppp
"Tinh Chất giảm Thâm, Trắng Da Balance Active Formula Vitamin C Brightening Serum 30ml",[''],[12800000000],5,"Identity verification can be bypassed via a number of attacks, including common one such as:

Phishing
Credential stuffing
Brute force attacks
Additionally, when your employees are working remotely, it can be hard to monitor where your information is going and whom they’re sharing it with!"
"Tinh Chất giảm Thâm, Trắng Da Balance Active Formula Vitamin C Brightening Serum 30ml",[''],[13900000000],5,"Sáng suốt lựa chọn những người tiêu biểu về đức, tài, xứng đáng đại diện cho ý chí, nguyện vọng và quyền làm chủ của Nhân dân bầu vào Quốc hội khoá XV và Hội đồng nhân dân các cấp nhiệm kỳ 2021 - 2026!"
"Tinh Chất giảm Thâm, Trắng Da Balance Active Formula Vitamin C Brightening Serum 30ml",[''],[12800000000],5,"Hàng tốt chất lượng sản phẩm tốt, giao hàng nhanh không đổ vỡ."
"Tinh Chất giảm Thâm, Trắng Da Balance Active Formula Vitamin C Brightening Serum 30ml",[''],[12800000000],5,"Video này mang tính chất nhận xuuuuuuuuuuuuuuuuuuuuuuuuuuuuuuuuuuuuuuuuuuu
Vì chưa sử dụng nên chưa biết hiệu quả ra saoooooooooooooooooooooooooooo"
"Tinh Chất giảm Thâm, Trắng Da Balance Active Formula Vitamin C Brightening Serum 30ml",[''],[13500000000],5,"Rất yêu em sản phẩm này, mình đã dùng rất nhiều lần, nhưng đây là lần đầu mua của shop, mấy lần trước đặt ở Royal London nên chờ lâu. Lần này rất thích cả chất lượng và thời gian giao hàng. Sẽ tiếp tục ủng hộ shop trong thời gian tiếp theo 😘😘😘😘😘😘😘😘"
"Tinh Chất giảm Thâm, Trắng Da Balance Active Formula Vitamin C Brightening Serum 30ml",[''],[14900000000],5,"
Shop phục vụ rất tốt
Tgian giao hàng nhanh
Sẽ ủng hộ shop lần sau"
"Tinh Chất giảm Thâm, Trắng Da Balance Active Formula Vitamin C Brightening Serum 30ml",[''],[14900000000],5,"Giao hàng hơi lâu, chắc do dịch nên bị delay . Sản phẩm nhìn chung ổn , chưa sử dụng nên chưa biết như nào, là shop mall nên cũng yên tâm được phần nào, có gì sẽ feedback lại sau [...]"
"Tinh Chất giảm Thâm, Trắng Da Balance Active Formula Vitamin C Brightening Serum 30ml",[''],[13500000000],5,"Shop đóng gói siêu kĩ luôn ,giao hàng nhanh , tư vấn nhiệt tình chu đáo nữa ,Shopee mall nên rất yên tâm hàng chính hãng, lần đầu tiên sử dụng nên chưa biết sản phẩm chất lượng ntn ,mùi thơm nhẹ ,thoa lên thấm nhanh vào da..."
"Tinh Chất giảm Thâm, Trắng Da Balance Active Formula Vitamin C Brightening Serum 30ml",[''],[13900000000],5,"Mình dùng đc 4 ngày thấy khá ok. Chất serum lỏng, thấm nhanh. Mình dùng thì thấy ko bị bí da. Vì giá tiền khá rẻ vs % vtamin C k cao nên là mn nên dùng thêm sp khác hỗ trợ cùng. Mùi sp cũng thơm nhẹ nữa. Dễ chịu lắm 
Shop gói hàng cẩn thận okela"
"Tinh Chất giảm Thâm, Trắng Da Balance Active Formula Vitamin C Brightening Serum 30ml",[''],[13900000000],5,"Thông thường những lỗi hay xuất hiện sẽ xảy ra khi anh em  xài iOS quá lâu không khởi động lại các ứng dụng xung đột với nhau sinh ra rất nhiều tình trạng khiến máy anh em  trở nên chậm chạp hơn. 

Anh em nên khởi động lại máy sâu từ trong cài đặt để ngăn tính năng quickstart. Anh em vào Cài đặt > C"
"Tinh Chất giảm Thâm, Trắng Da Balance Active Formula Vitamin C Brightening Serum 30ml",[''],[13500000000],5,Cmt mang tính nhận xu..jsjsiaiwiwhfbdksowowndbdjkskjjfjn
"Tinh Chất giảm Thâm, Trắng Da Balance Active Formula Vitamin C Brightening Serum 30ml",[''],[12800000000],5,"Không hiểu sao mỗi lần apply lên mặt là lại thấy châm chích và hơi ngứa, vì đây là lần đầu dùng nên chắc mặt chưa quen. Hi vọng không sao"
"Tinh Chất giảm Thâm, Trắng Da Balance Active Formula Vitamin C Brightening Serum 30ml",[''],[12900000000],5,"Nguyễn Văn Hà
Hotline: 0869618333
Zalo: 0367967848
Add: Số 100 Ngô Quyền, P. Ngô Quyền, Tp. Vĩnh Yên, Vĩnh Phúc"
"Tinh Chất giảm Thâm, Trắng Da Balance Active Formula Vitamin C Brightening Serum 30ml",[''],[12800000000],5,"Serum shop đóng gói chắc chắn, date mới, mùi thơm, chất lỏng vàng đậm, thấm nhanh vào da, xài mà để trắng nhanh thì k thể nào nhưng mình thấy da mình đều màu hơn rồi, có lẽ phải sử dụng lâu hơn thì mới biết"
"Tinh Chất giảm Thâm, Trắng Da Balance Active Formula Vitamin C Brightening Serum 30ml",[''],[14900000000],5,Shhshsgslslvxbxnzjskskakkslalalxbzmxnvvccbxhdhrhsdvvfbfnsjnsbwgwyeidnfndmsmmejhtkrklslskwkwjsvxbvxcrjjwjehakkqkqowopdjjdjjasnsbdgrhwikksjndjdjeiwoqoqoksjjshrhskkwkwoowkkdjdj
"Tinh Chất giảm Thâm, Trắng Da Balance Active Formula Vitamin C Brightening Serum 30ml",[''],[12900000000],5,"Chất lượng sản phẩm tốt 👌
Đóng gói sản phẩm rất chắc chắn 
Sản phẩm đáng tiền 💗
Giao hàng cực nhanh 👍
Shop phục vụ tốt 
Sẽ còn tiếp tục ủng hộ shop 💗"
"Tinh Chất giảm Thâm, Trắng Da Balance Active Formula Vitamin C Brightening Serum 30ml",[''],[13900000000],5,Đóng gói sản phẩm chắc chắn thời gian giao hàng nhanh shop tư vấn nhiệt tình lần đầu Sài nên chưa bit kết quả sẽ review sau
"Tinh Chất giảm Thâm, Trắng Da Balance Active Formula Vitamin C Brightening Serum 30ml",[''],[13900000000],5,"Giao hàng nhanh chóng, đóng gói cẩn thận. VitC của hãng mình đã từng xài rồi, chất lỏng dễ thấm vào da, nồng độ C cũng k quá cao gây kích ứng, nên dùng lâu dài để rõ tác dụng"
"Tinh Chất giảm Thâm, Trắng Da Balance Active Formula Vitamin C Brightening Serum 30ml",[''],[13500000000],5,"Mặt nạ dùng rất thích,  vtm C phải dùng lâu mới rõ hiểu quả, nên mua nhé mng"
"Tinh Chất giảm Thâm, Trắng Da Balance Active Formula Vitamin C Brightening Serum 30ml",[''],[14900000000],5,Mới dùng đc 1 hôm chưa có cảm nhận j đc cái giao hàng nhanh chất lượng tốt
"Tinh Chất giảm Thâm, Trắng Da Balance Active Formula Vitamin C Brightening Serum 30ml",[''],[13900000000],5,"Thời gian giao hàng nhanh, shop đóng gói cẩn thận. Chưa sd cho face nên chưa biết có kích ứng hay k. Chỉ test ở tay và thấy chất serum lỏng,thấm nhanh. Có mùi thơm nhẹ "
"Tinh Chất giảm Thâm, Trắng Da Balance Active Formula Vitamin C Brightening Serum 30ml",[''],[14900000000],5,Chất lượng sản phẩm tuyệt vời Đóng gói sản phẩm rất đẹp và chắc chắn shop phục vụ rất tốt Rất đáng tiền thời gian giao hàng rất nhanh đánh giá mang tính chất nhận xu
"Tinh Chất giảm Thâm, Trắng Da Balance Active Formula Vitamin C Brightening Serum 30ml",[''],[12800000000],5,"Shop gói hàng cẩn thận.
Có học chống sốc bên ngoài sản phẩm rồi mới gói vào hộp.
Mn nên mua nhé"
"Tinh Chất giảm Thâm, Trắng Da Balance Active Formula Vitamin C Brightening Serum 30ml",[''],[12800000000],5,"Hình ảnh chỉ mang tính chất nhận xu
Chất của sr lỏng cực kì k bị đặc rít
Mình rất thích vì sẽ apply lên da khô khá nhanh 
Mình dùng đc 1 tuần r tháy da có vẻ sáng lớn 1 chút
Khá ok cho những bạn mới dùng vtmC"
"Tinh Chất giảm Thâm, Trắng Da Balance Active Formula Vitamin C Brightening Serum 30ml",[''],[14900000000],5,Lần đầu mua thử sẻum này chả biết tốt hay ko thấy mng bảo dùng tốt nên cũng mua thử xem sao :))) Shop vận chuyển hàng hơi lâu nma cũng ko sao :3 Mng cứ thử mua xem 
"Tinh Chất giảm Thâm, Trắng Da Balance Active Formula Vitamin C Brightening Serum 30ml",[''],[12800000000],5,Này tui mới mua thử về để tập tành xài vitC. Hình như nồng độ vitC trong đây tới 9% á nên có texture hơi vàng vàng xíu. Xài lâu mới có tác dụng nha cả nhà oi
"Tinh Chất giảm Thâm, Trắng Da Balance Active Formula Vitamin C Brightening Serum 30ml",[''],[12800000000],5,Shop đóng gói cẩn thận hộp còn nguyên chưa dùng nên chưa biết kết quả nhưng xem đánh giá của mọi người thì khá ok mik có bôi thử ra tay thì thấy căng bóng hàng chính hãng nhá mọi người 
"Tinh Chất giảm Thâm, Trắng Da Balance Active Formula Vitamin C Brightening Serum 30ml",[''],[12800000000],5,Serum có mùi thơm nhẹ..mình mới mua và sử dụng sau hơn một tuần thì thấy da mặt có trắng hơn còn thâm thì cũng có mờ đi ít vì mới sd đc hơn 1 tuần. Nếu sản phẩm có hiệu quả rõ rệt thì sẽ ủng hộ tiếp nữa..❤️❤️❤️❤️❤️❤️❤️❤️❤️
"Tinh Chất giảm Thâm, Trắng Da Balance Active Formula Vitamin C Brightening Serum 30ml",[''],[12500000000],5,"Mk dùng loại này rất hợp nka
Mùi thơm, dễ thẩm thấu, aply lên da oki nè
Nsnsbvssjkdmnckcldnzzklzxnxnkxxmnx
Ndxnkdkdncfklcl"
"Tinh Chất giảm Thâm, Trắng Da Balance Active Formula Vitamin C Brightening Serum 30ml",[''],[12900000000],5,Shop giao hàng nhanh. Mua shopee mall nên cũng yên tâm. Mới hôm đầu dùng mình cũng thấy n có hiệu quả 1 chút. Kiên trì dùng mong da mình sẽ sáng lên. 
"Tinh Chất giảm Thâm, Trắng Da Balance Active Formula Vitamin C Brightening Serum 30ml",[''],[12800000000],5,Hình ảnh chỉ mang tính chất lấy xu ạ ( vì đặt hàng qua chỗ bạn). Shop giao hàng nhanh
"Tinh Chất giảm Thâm, Trắng Da Balance Active Formula Vitamin C Brightening Serum 30ml",[''],[13800000000],5,"Mua lại lần thứ 3 ở shop rồi ạ.  Mua cho chị gái chị nhận xét là dùng rất tốt, đẹp da lên rất nhiều ạ.  K có video nên mình  quay tạm để nhận xu ạ.  "
"Tinh Chất giảm Thâm, Trắng Da Balance Active Formula Vitamin C Brightening Serum 30ml",[''],[14900000000],5,"Mùi dịu nhưng ko phải mùi của hương liệu. Chất khá lỏng, khác vs những vtmC của klair hay TO bôi lên hơi nóng thì e này bôi lên lại mát và dễ thấm."
"Tinh Chất giảm Thâm, Trắng Da Balance Active Formula Vitamin C Brightening Serum 30ml",[''],[14900000000],5,"Đóng gói cẩn thận, có bọc lớp chống sốc. Hàng check code được, đầy đủ hàng như đã đặt. Lotion xài ok, thơm. Serum cũng thơm :))))))))))))))))))))"
"Tinh Chất giảm Thâm, Trắng Da Balance Active Formula Vitamin C Brightening Serum 30ml",[''],[12800000000],5,"Hàng giao nhanh, đặt ngày 5/5 là 6/5 nhận được ời. Đóng gói chắc chắn, bao bì đẹp. Vì lần đầu sử dụng nên hong biết để review ra sao. Đặt bằng link của chị Võ Hạ Linh nên cũng yên tâm lắm. Cảm ơn shop ạ ❤️."
"Tinh Chất giảm Thâm, Trắng Da Balance Active Formula Vitamin C Brightening Serum 30ml",[''],[12800000000],5,"Shop đóng gói hàng đẹp, chắc chắn, giao đủ số lượng 
Giao hàng nhanh lắm, mới đặt 5/5 mà nay đã có rùiiiiii
Shop tư vấn nhiệt tình dễ thương lắm 
"
"Tinh Chất giảm Thâm, Trắng Da Balance Active Formula Vitamin C Brightening Serum 30ml",[''],[14900000000],5,túi xinh túi xinh túi xinh túi xinh túi xinh túi xinh túi xinh túi xinh túi xinh túi xinh túi xinh túi xinh túi xinh túi xinh túi xinh túi xinh 
"Tinh Chất giảm Thâm, Trắng Da Balance Active Formula Vitamin C Brightening Serum 30ml",[''],[14900000000],5,"Hàng bọc cẩn thận, giao hàng nhanh hơn so với dự kiến. Hàng có nhãn dán hàng nhập khẩu nên cũng yên tâm. Chưa dùng nên chưa biết chất lượng tn"
"Tinh Chất giảm Thâm, Trắng Da Balance Active Formula Vitamin C Brightening Serum 30ml",[''],[12800000000],5,Hàng đóng gói ok ạ . Mình dùng lần đầu nên không biết hiệu quả như thế nào . Hình ảnh chỉ mang tính chất nhận xu thôi nhé ạ . 
"Tinh Chất giảm Thâm, Trắng Da Balance Active Formula Vitamin C Brightening Serum 30ml",[''],[14900000000],5,"Mua của shop nhiều lần lắm rồi áaaaaa
Luôn tin tưởng và ủng hộ shopppp
Hàng về chỉ có chuẩnnnnnn 
Giao hảng nhanh nữa
Gúttttttt chópppoooopp"
"Tinh Chất giảm Thâm, Trắng Da Balance Active Formula Vitamin C Brightening Serum 30ml",[''],[12900000000],5,"Đóng gói cẩn thận , chất lượng tuyệt vời , sẽ ủng hộ thêm nhiều sản"
"Tinh Chất giảm Thâm, Trắng Da Balance Active Formula Vitamin C Brightening Serum 30ml",[''],[14900000000],5,Vdsxvnnnggxssvbbbhyrsdbbaafnnnccybvaadjjfsdbjbcghbxxcbb
"Tinh Chất giảm Thâm, Trắng Da Balance Active Formula Vitamin C Brightening Serum 30ml",[''],[12900000000],5,"Chất lượng đi đôi với giá thành , serum dạng loãng . 
Bản thân em thấy giá thành thì hợp lý , nhưng cảm thấy không được hài lòng về sp "
"Tinh Chất giảm Thâm, Trắng Da Balance Active Formula Vitamin C Brightening Serum 30ml",[''],[13500000000],5,"Nnsksmsmd djxmxbxd dm
D  nxmx
d
D d d dnsmd mdkdldldldod"
"Tinh Chất giảm Thâm, Trắng Da Balance Active Formula Vitamin C Brightening Serum 30ml",[''],[13500000000],5,"Sản phẩm chưa dùng nên chưa biết công dụng 
Sorry vì ảnh và video ạ"
"Tinh Chất giảm Thâm, Trắng Da Balance Active Formula Vitamin C Brightening Serum 30ml",[''],[13500000000],5,"Serum có mùi thơm nhẹ, chất lỏng nhưng thấm cực kì nhanh ko gây bết rít cho da❤ giao hàng nhanh nữa mới đặt hôm kia mà hôm nay có rồi "
"Tinh Chất giảm Thâm, Trắng Da Balance Active Formula Vitamin C Brightening Serum 30ml",[''],[12800000000],5,"Đóng gói chắc chắn, giao hàng nhanh mua qua link c Linh nên giá rẻ, đc cả vocher nữa , chưa sd nên chưa biết sao, vẫn cho 5* khâu hình thức "
"Tinh Chất giảm Thâm, Trắng Da Balance Active Formula Vitamin C Brightening Serum 30ml",[''],[13500000000],5,Cảm nhận mùi khá thơm mới dùng cũng ch biết sp tốt hay không nhưng tổng quan có vẻ ổn áp❤️❤️sẽ ủng hộ shop lâu dài
"Tinh Chất giảm Thâm, Trắng Da Balance Active Formula Vitamin C Brightening Serum 30ml",[''],[13500000000],5,"Giao hàng hơi lâu tuy nhiên đóng gói cẩn thận. 
Nabjwondhdoqkebgilwciabfolanfjfoqmdcjfnjfofjabfidmebgfcujaumokjdbjdnwnjnđbjkalobự"
"Tinh Chất giảm Thâm, Trắng Da Balance Active Formula Vitamin C Brightening Serum 30ml",[''],[14900000000],5,"Sản phẩm rất tốt 
Đóng gói kĩ
Sẽ mua lần sau ❤️❤️❤️❤️❤️❤️❤️❤️❤️❤️❤️"
"Tinh Chất giảm Thâm, Trắng Da Balance Active Formula Vitamin C Brightening Serum 30ml",[''],[14900000000],5,Adfhjkloyredcnkk all well all dm all well all dm all dfghjkkfvjkkjeyuooodgjoootddhkkkred gì klwyukopfgjjj
"Tinh Chất giảm Thâm, Trắng Da Balance Active Formula Vitamin C Brightening Serum 30ml",[''],[12900000000],5,"Dùng gần tuần rồi thấy quá là ok🤪
Mik thích cái mùi của nó "" thơm dã man ạ
Cac bạn dùng nên kết hợp với kcn nhé 
K dễ bị bắt  nắng lắm ạ:>
Giá cả phù hợp vs hs svien❤"
"Tinh Chất giảm Thâm, Trắng Da Balance Active Formula Vitamin C Brightening Serum 30ml",[''],[13900000000],5,"Hàng chính hãng, xài cũng sáng da hơn, tuy nhiên hơi lỏng, giá rẻ"
"Tinh Chất giảm Thâm, Trắng Da Balance Active Formula Vitamin C Brightening Serum 30ml",[''],[13900000000],4,"Mua thấy dùng thấy bình thường, cơ mà chuẩn bị với giao hàng siêu lâu luôn ạ"
"Tinh Chất giảm Thâm, Trắng Da Balance Active Formula Vitamin C Brightening Serum 30ml",[''],[13500000000],5,"Ưng quá đi mất, sản phẩm tuyệt vời, đóng gói sản phẩm cẩn thận, tinh chất có hương thơm cực, chưa dùng nên chưa biết hiệu quả ntn. "
"Tinh Chất giảm Thâm, Trắng Da Balance Active Formula Vitamin C Brightening Serum 30ml",[''],[14900000000],5,Check mã code thì ra nhưng mà lọ mới mà đã bị tràn ra ngoài rồi buồn quá shop. Còn hàng đặt thì mãi mới giao!    Jjsjsjsklsldkdkdkd
"Tinh Chất giảm Thâm, Trắng Da Balance Active Formula Vitamin C Brightening Serum 30ml",[''],[13900000000],5,Đóng gói kỹ càng giao rất nhanh ạ. Nghe mọi người review tốt nhẹ mình để mình sd 1 thời gian rồi quay lại đánh giá sau ạ
"Tinh Chất giảm Thâm, Trắng Da Balance Active Formula Vitamin C Brightening Serum 30ml",[''],[13500000000],5,"Được nghe nhiều review về em này, vừa giá tiền nên mua về dung thử, hi vọng sp có thể giúp mình hết tất cả thâm nhanh chóng "
"Tinh Chất giảm Thâm, Trắng Da Balance Active Formula Vitamin C Brightening Serum 30ml",[''],[12900000000],5,Hàng chuẩn. Mà mình dùng treatment nên nó nhẹ hều à. Pass lại 70k hic. Mình lỡ vứt box đi rồi. Còn 99% mới thử 1 giọt ra tay
"Tinh Chất giảm Thâm, Trắng Da Balance Active Formula Vitamin C Brightening Serum 30ml",[''],[13500000000],5,"Chất lượng sản phẩm tốt. Đóng gói cũng cẩn thận. Trước mắt dùng mình thấy khá ổn, khá thơm và mướt da phù hợp cho da khô "
"Tinh Chất giảm Thâm, Trắng Da Balance Active Formula Vitamin C Brightening Serum 30ml",[''],[12900000000],5,Xài siêu thích mùi thơm nhưng để sài 1 thời gian xem sao đã mà shop thấy uy tín 
"Tinh Chất giảm Thâm, Trắng Da Balance Active Formula Vitamin C Brightening Serum 30ml",[''],[13500000000],5,"Thêm nắng cho má em hồng 💕
Thêm màu hồng cho tóc em xinh 💕

👩‍🎤 Fan của màu hồng đâu hết rồi bơi vào đây nào ! 

#haircolor #colorhair  #hairstyle"
"Tinh Chất giảm Thâm, Trắng Da Balance Active Formula Vitamin C Brightening Serum 30ml",[''],[14900000000],5,"Mua của shop lần t3
Hàng đảm bảo
Uy tín
Lần sau sẽ ueng hộ tiếp
💙💙💙💙💙💯💯💯💯💯💯💙💯💙💯💯💯💯💯💯💯💯💯💯😘😘💯😘😘😘💯💯🥲✨💙✨💙💙💙✨✨✨💙✨✨💙💙✨✨✨✨✨✨✨✨"
"Tinh Chất giảm Thâm, Trắng Da Balance Active Formula Vitamin C Brightening Serum 30ml",[''],[13500000000],5,"Đã mua lần t2. Dòng vitamin C của nhà balance nhẹ, k gây châm chích da, cái này phải chưm dùng mới thấy hiệu quả nha ce"
"Tinh Chất giảm Thâm, Trắng Da Balance Active Formula Vitamin C Brightening Serum 30ml",[''],[14900000000],5,"Sp chính hãng ,phải dung 1 thời gian mới biết có toota ko. M có mua ở 1 hàng khác nhưng bị hàng giả nên mn mua cẩn thận"
"Tinh Chất giảm Thâm, Trắng Da Balance Active Formula Vitamin C Brightening Serum 30ml",[''],[13900000000],5,Bên vận chuyển giao hàng lâu cực 🤨 chưa dùng qua nên chưa đánh giá được gì nhiều. Test thử thì thấy mùi thơm nhẹ. Mong là dùng ok
"Tinh Chất giảm Thâm, Trắng Da Balance Active Formula Vitamin C Brightening Serum 30ml",[''],[12800000000],5,"Thấy review tốt, đóng gói hàng cẩn thận, chưa dùng lần nào nên chưa biết sao, sẽ quay lại ủng hộ nếu sử dụng hiệu quả."
"Tinh Chất giảm Thâm, Trắng Da Balance Active Formula Vitamin C Brightening Serum 30ml",[''],[13500000000],5,"Đã nhận được hàng giao hàng nhanh chóng mới đặt hôm qua hôm nay đã có, bữa h đang xài không biết có trắng da hay không"
"Tinh Chất giảm Thâm, Trắng Da Balance Active Formula Vitamin C Brightening Serum 30ml",[''],[13500000000],5,"Mua hàng ở shop cũng mấy lần rồi, nói chung là ưng lắm. Giao hàng cũng nhanh nữa. Hihi. Cho năm saooo ko phân vân nhá"
"Tinh Chất giảm Thâm, Trắng Da Balance Active Formula Vitamin C Brightening Serum 30ml",[''],[13900000000],5,"lần đầu mua hàng ở shop, và rất ưng ý từ khâu chuẩn bị hàng đến khâu đóng gói, nói chung là lần sau sẽ tiếp tục ủng hộ shop :3"
"Tinh Chất giảm Thâm, Trắng Da Balance Active Formula Vitamin C Brightening Serum 30ml",[''],[13500000000],5,"Sản phẩm chưa dùng nên kb có kqua tốt k nhma về phần đóng hộp của mỗi sp k chắc chắn, như kiểu hộp sp bị bóc ra nh lần r í:(("
"Tinh Chất giảm Thâm, Trắng Da Balance Active Formula Vitamin C Brightening Serum 30ml",[''],[12800000000],5,Jhshshshs nệndjdkk kjdkdkdkd nndndkdnx dmxjck bjssnshjsjdjd
"Tinh Chất giảm Thâm, Trắng Da Balance Active Formula Vitamin C Brightening Serum 30ml",[''],[13500000000],5,Balance dùng ok lắm nè. Mình mua đây là lọ thứ 2 rồi. Trị thâm rất tốt. Da sáng hẳn. Dùng phải chống nắng kỹ nha mn
"Tinh Chất giảm Thâm, Trắng Da Balance Active Formula Vitamin C Brightening Serum 30ml",[''],[14900000000],5,"Texture dạng lỏng, có màu hơi vàng nhưng kphai bị oxi hoá đâu mn, khi nào màu chuyển sang đậm hơn thì k nên dùng nữa nha.
Nên tìm hiểu kĩ quy trình skincare nếu có định dùng thêm VitaminC. Thứ tự sẽ là: toner-serum cấp ẩm-vitaminC-(nia)-kem dưỡng."
"Tinh Chất giảm Thâm, Trắng Da Balance Active Formula Vitamin C Brightening Serum 30ml",[''],[12800000000],5,"Chất lượng sản phẩm tuyệt vời cho shop 5 sao
Thời gian giao hành rất nhanh
Hàng gói rất cẩn thận
Sẽ ủng hộ shop dài dài"
"Tinh Chất giảm Thâm, Trắng Da Balance Active Formula Vitamin C Brightening Serum 30ml",[''],[13500000000],5,"Check ra mã , chưa sử dụng nên ko biết hiệu qả , nhưng khi test ra tay thì cảm thấy nhanh thấm + thơm nhẹ ( nhấn mạnh NHẸ ) , nhưng hơi rít 
Chẳng có j để chụp và quay cả , nên cho phép bỏ qa"
"Tinh Chất giảm Thâm, Trắng Da Balance Active Formula Vitamin C Brightening Serum 30ml",[''],[14900000000],5,"chuẩn kĩ hàng kĩ , đóng gói chắc chắn không bị bung. hàng nhận được còn nguyên vẹn nhe không móp gì hết luôn. 100 điểm cho shop. lấy đại cái vid với hình ảnh nha chứ mình lười quay "
"Tinh Chất giảm Thâm, Trắng Da Balance Active Formula Vitamin C Brightening Serum 30ml",[''],[14900000000],5,kinh điển của nhà văn Thanh Hải. Bài thơ đã thể hiện sâu sắc tư tưởng sống cống hiến hết mình cho cuộc đời ...
"Tinh Chất giảm Thâm, Trắng Da Balance Active Formula Vitamin C Brightening Serum 30ml",[''],[13500000000],5,"Chai bằng nhựa, giá rẻ. Dùng dc gần 1 tuần chưa thấy tác dụng nhưng ko kích ứng là tốt rồi. Dùng thòie gian xem sao"
"Tinh Chất giảm Thâm, Trắng Da Balance Active Formula Vitamin C Brightening Serum 30ml",[''],[12800000000],5,đã nhận được hàng.. giao hàng rất ok.. chưa dùng nên chưa biết sản phẩm thế nào. lươi chụp nên lấy tạm đánh giá thôi
"Tinh Chất giảm Thâm, Trắng Da Balance Active Formula Vitamin C Brightening Serum 30ml",[''],[12800000000],4,Chưa biết xài có kết quả ntn nhưng trước mắt thấy đóng gói của shop chán . Không có đồ lót giảm sốc . Rồi lỡ nó bể của khách thì shop sẽ chuyển hàng mới cho mình k ạ 🥲
"Tinh Chất giảm Thâm, Trắng Da Balance Active Formula Vitamin C Brightening Serum 30ml",[''],[14900000000],5,"Đang trải nghiệm , chất lượng dịch vụ tốt, okkkkkkkkkkkkkkkkkkkkkkkkkkkkkkkkkkkkkkkkkkkkkkkkkkkkkkkkkkkkkkkkk"
"Tinh Chất giảm Thâm, Trắng Da Balance Active Formula Vitamin C Brightening Serum 30ml",[''],[14900000000],5,Day là chai thứ 2 minh xai r on ap lm moi nguoi nen mua nha dao e no hot nen gia mac hon luc truoc luc truoc minh mua tai day cung vo chin muoi may ngan thoi
"Tinh Chất giảm Thâm, Trắng Da Balance Active Formula Vitamin C Brightening Serum 30ml",[''],[12800000000],5,"mua hàng rất nhiều lần ở shop rồi nên yên tâm, nhưng lần này do dịch nên có trục trặc khi mình nhận hàng"
"Tinh Chất giảm Thâm, Trắng Da Balance Active Formula Vitamin C Brightening Serum 30ml",[''],[13900000000],5,Giao hàng nhanh sản phẩm đóng kĩ. Check mã thì ra chất sệt tý mùi thơm nhẹ. Nào sài ok sẽ quay lại mua típ
"Tinh Chất giảm Thâm, Trắng Da Balance Active Formula Vitamin C Brightening Serum 30ml",[''],[14900000000],5,Thời gian giao hàng như dự kiến. Serum trị thâm sáng da. Đây là lần thứ hai mua của shop. Đóng gói cẩn thận
"Tinh Chất giảm Thâm, Trắng Da Balance Active Formula Vitamin C Brightening Serum 30ml",[''],[13500000000],5,"Đầu tiên cầm sp thì mk thấy vỏ khá là đểuu chai nhựa chất serum lỏng thoa cái khô luôn,mùi k thơm...."
"Tinh Chất giảm Thâm, Trắng Da Balance Active Formula Vitamin C Brightening Serum 30ml",[''],[13500000000],5,"Follow IG tớ nha: suongw._ 
Nhận chụp ảnh feedback quần áo giá sinh viên. Freelance model. Cảm ơn ạ 💋 "
"Tinh Chất giảm Thâm, Trắng Da Balance Active Formula Vitamin C Brightening Serum 30ml",[''],[13500000000],5,"Thời gian giao hàng rất nhanh , rất đáng tiền , đóng gói sản phẩm chắc chắn và đẹp. Cho shop 5 ⭐️"
"Tinh Chất giảm Thâm, Trắng Da Balance Active Formula Vitamin C Brightening Serum 30ml",[''],[14900000000],5,Đông Nam Bộ gồm có bao nhiêu tỉnh 7568 căn cứ vào atlat địa lí Việt Nam trang 14 cho biết atlat cắt AB
"Tinh Chất giảm Thâm, Trắng Da Balance Active Formula Vitamin C Brightening Serum 30ml",[''],[14900000000],5,"Dùng 1 tuần thấy thâm mụn mờ đi khá nhanh, nhưng vì là Vitamin C nên phải dùng kem chống nắng khá kỹ"
"Tinh Chất giảm Thâm, Trắng Da Balance Active Formula Vitamin C Brightening Serum 30ml",[''],[13500000000],5,"Mình mua shop này nhiều lần rồi
Serum xài tốt mịn da mặt lắm luôn. Mà bạn mình thì nói nó k có tác dụng"
"Tinh Chất giảm Thâm, Trắng Da Balance Active Formula Vitamin C Brightening Serum 30ml",[''],[13500000000],5,Chất lượng lắm nha mn ơi ❤️ giao hàng nhanh nửa ❤️ đóng gói kĩ ạ ❤️ zmzmzmzmzmzmzmzmzmzmmzzmmzmzmzmzmzzmzmzmzmmzmzmzmzmzmzmzmzmzmzmzmzmzmzmzmzmzmmzmzzmzmmzmz
"Tinh Chất giảm Thâm, Trắng Da Balance Active Formula Vitamin C Brightening Serum 30ml",[''],[13500000000],5,"Shop giao hàng nhanh, serum dùng thích lắm, mùi thơm, thấm nhanh, mong là sẽ cải thiện mấy nốt thâm "
"Tinh Chất giảm Thâm, Trắng Da Balance Active Formula Vitamin C Brightening Serum 30ml",[''],[14900000000],5,"Đóng gói sản phẩm đẹp và chắc chắn, giao hàng nhanh, chưa sử dụng nên chưa biết chất lượng sản phẩm "
"Tinh Chất giảm Thâm, Trắng Da Balance Active Formula Vitamin C Brightening Serum 30ml",[''],[13900000000],5,"Mua sale đc hoàn 15k xu
Giao hàng siêu nhanh. Đặt hqua hnay đã có. Gói hàng ok ạ. Chai nhựa kp chai thuỷ tinh nhe mn
Chất lượng sp để sau nhaa !! Nchung là ưng"
"Tinh Chất giảm Thâm, Trắng Da Balance Active Formula Vitamin C Brightening Serum 30ml",[''],[12800000000],5,"Vitamin c này lỏng như nước ấy, có mùi thơm nhẹ nhẹ mua của shope mall thì yên tâm chính hãng rùi. Mua qua vhl nữa"
"Tinh Chất giảm Thâm, Trắng Da Balance Active Formula Vitamin C Brightening Serum 30ml",[''],[14900000000],5,"Nhận đủ hàng giao hang nhanh, chưa sử dụng nen k pik như thế nào.. Hình ảnh và video khong lien quan"
"Tinh Chất giảm Thâm, Trắng Da Balance Active Formula Vitamin C Brightening Serum 30ml",[''],[12800000000],5,"Mua lần thứ 2. Dùng cũng oke lắm nè... Bggfdgjbcfhbcgjnbnnn. 
Hình ảnh mang tính chất lấy xu kkkk
"
"Tinh Chất giảm Thâm, Trắng Da Balance Active Formula Vitamin C Brightening Serum 30ml",[''],[12900000000],5,"Shop đóng gói hàng cẩn thận, mỗi tội giao hơi alau. Đã từng mua mặt nạ ở đây rồi và thấy rất yên tâm"
"Tinh Chất giảm Thâm, Trắng Da Balance Active Formula Vitamin C Brightening Serum 30ml",[''],[13500000000],5,"ngoại hình khá giống chai cũ mình mua với lại shop mall nên khá yên tâm
rẻ hơn các mall khác ❤️"
"Tinh Chất giảm Thâm, Trắng Da Balance Active Formula Vitamin C Brightening Serum 30ml",[''],[12800000000],5,"Đóng gói kĩ càng, giao hàng siêu nhanh, chưa dùng nên chưa biết hàng ntn. Cảm ơn shop nhiều ạ 💕"
"Tinh Chất giảm Thâm, Trắng Da Balance Active Formula Vitamin C Brightening Serum 30ml",[''],[13500000000],5,"M
Sử dụng nhiều lần rồi. Rất ok giá lại bình dân nữa. Các bạn dùng buổi sáng cùng kcn rất tốt nhé"
"Tinh Chất giảm Thâm, Trắng Da Balance Active Formula Vitamin C Brightening Serum 30ml",[''],[12800000000],5,Sorry shop về h.ảnh k lien quan ạ. Giao hàng nhanh nhưng chất luoengj thì chưa sử dụng nên chưa đánh giá đc ạ. Mong sẽ ổn
"Tinh Chất giảm Thâm, Trắng Da Balance Active Formula Vitamin C Brightening Serum 30ml",[''],[12800000000],5,"Hình ảnh tải lên để nhận xu, đánh giá cũng để nhận xu vì chưa dùng nên không biết chất lượng."
"Tinh Chất giảm Thâm, Trắng Da Balance Active Formula Vitamin C Brightening Serum 30ml",[''],[13900000000],5,"Giao hàng nhanh, chất lượng thì chưa xài chưa biết nhưng sp có tem mác chính hãng đàng hoàng"
"Tinh Chất giảm Thâm, Trắng Da Balance Active Formula Vitamin C Brightening Serum 30ml",[''],[13500000000],4,"Chưa biết chất lượng như nào nhưng nhìn cái hộp shop đóng gói đã thấy chán rồi
Hi vọng shop chú ý hơn"
"Tinh Chất giảm Thâm, Trắng Da Balance Active Formula Vitamin C Brightening Serum 30ml",[''],[12800000000],5,"Hình ảnh klq nhưng hàng thì chất lượng,  mua ở shopee mall thì yên tâm rồi..... "
"Tinh Chất giảm Thâm, Trắng Da Balance Active Formula Vitamin C Brightening Serum 30ml",[''],[13500000000],5,mua được chục hôm rồi nay ms nx. bọc hàng chắc chắn giao hàng nhah. sr dùng ok . mh dùng 1 tuần mờ thâm và trắng da hẳn . mua hàng mall nên mh rất yên tâm. sẽ tiếp tục ủng hộ shop 
"Tinh Chất giảm Thâm, Trắng Da Balance Active Formula Vitamin C Brightening Serum 30ml",[''],[12900000000],5,"Sản phẩm rất ok, giao hàng nhanh mình canh sale nên mua giá cũng khá hời chất lượng sản phẩm thì phải dùng r mới biết "
"Tinh Chất giảm Thâm, Trắng Da Balance Active Formula Vitamin C Brightening Serum 30ml",[''],[14900000000],5,Sản phẩm rất ok. Đóng gói sản chắc chan. Giao hàng nhanh. Sẽ mua tiếp. Cảm ơn shop nhiều!!!
"Tinh Chất giảm Thâm, Trắng Da Balance Active Formula Vitamin C Brightening Serum 30ml",[''],[14900000000],5,"Mua hộ nên không có hình ở đây nhưng thấy ng dùng báo khá ok, giá ổn, giao hàng cũng nhanh"
"Tinh Chất giảm Thâm, Trắng Da Balance Active Formula Vitamin C Brightening Serum 30ml",[''],[14900000000],5,Giao hàng nhanh. Đóng gói sản phẩm chắc chắn. Ko kích ứng với da mình mà mùi hơi nồng xíu xiu
"Tinh Chất giảm Thâm, Trắng Da Balance Active Formula Vitamin C Brightening Serum 30ml",[''],[14900000000],5,"Lần thứ 2 mua rồi nên k cần bàn cãi gì thêm nhé 
Đóng gói cẩn thận, giao hàng nhanh...../////"
"Tinh Chất giảm Thâm, Trắng Da Balance Active Formula Vitamin C Brightening Serum 30ml",[''],[13500000000],5,Giao hàng nhanh. Đóng gói cẩn thận. Mình chưa sử dụng nhưng nghe nói e này xài ok lắm ạ
"Tinh Chất giảm Thâm, Trắng Da Balance Active Formula Vitamin C Brightening Serum 30ml",[''],[14900000000],5,Serum sd lên da mặt thì mát nhma đổ dầu dữ lắm sáng ngủ dậy da vàng vàng sợ hãi các thứ
"Tinh Chất giảm Thâm, Trắng Da Balance Active Formula Vitamin C Brightening Serum 30ml",[''],[14900000000],5,"Sp chính hãng
Đóng gói cẩn thận
Hộp xinh xinh
Còn chất lượng e chưa sd
E sẽ ủng hộ thêm "
"Tinh Chất giảm Thâm, Trắng Da Balance Active Formula Vitamin C Brightening Serum 30ml",[''],[12500000000],5,Đã nhận được hàng. Mới sử dụng chưa rõ kết quả. Mùi thơm nhẹ. K có cảm giác châm chích
"Tinh Chất giảm Thâm, Trắng Da Balance Active Formula Vitamin C Brightening Serum 30ml",[''],[14900000000],5,"Đặt 1 ngày là nhận được hàng, đóng gói cẩn thận. Chưa sử dụng nên chưa biết hiệu quả k"
"Tinh Chất giảm Thâm, Trắng Da Balance Active Formula Vitamin C Brightening Serum 30ml",[''],[12800000000],5,"📍Né Đèo Bảo Lộc, Có Một Con Đường Rời Đà Lạt Tuy Xa Hơn Nhưng Vừa Thoáng Lại Vừa Đẹp📍

Kỳ nghỉ lễ 30/4 -1/5 vừa kết thúc, nhiều du khách đã rục rịch bảo nhau xếp hành lý chuẩn bị rời Đà Lạt mộng mơ, trở về thành phố Hồ Chí Minh. Tuy nhiên, với tình trạng ùn tắc nghiêm trọng, phải tốn đến hơn 16, 1"
"Tinh Chất giảm Thâm, Trắng Da Balance Active Formula Vitamin C Brightening Serum 30ml",[''],[13500000000],5,"Giao hàng nhanh, vừa nhận nên mình chưa đánh giá đc chất lượng, mong sẽ có hiệu quả 🥰"
"Tinh Chất giảm Thâm, Trắng Da Balance Active Formula Vitamin C Brightening Serum 30ml",[''],[12800000000],5,"Mua được sale nên giá rẻ, mua của mall nên yên tâm.đã mua cùa shop mấy lần rồi.shipper giao hàng đến k gọi k đưa cho người nhà mà để giữa sân -.-"
"Tinh Chất giảm Thâm, Trắng Da Balance Active Formula Vitamin C Brightening Serum 30ml",[''],[12800000000],5,"địa được ưa chuộng tại Anh Quốc, thuộc phân khúc sản phẩm drugstore, Balance Active Formular đã tối thiểu các chi phí dịch vụ, quảng cáo, marketing, thiết kế bao bì  nhằm đánh mạnh vào chất lượng sản phẩm tốt nhất với mức giá vô cùng bình dân. Các sản phẩm của hãng nhận được nhiều đánh giá khen ngợi"
"Tinh Chất giảm Thâm, Trắng Da Balance Active Formula Vitamin C Brightening Serum 30ml",[''],[14900000000],5,"Thời gian giao hàng đúng 1 tuần 
Chưa dùng nên chưa biết sản phẩm ntn"
"Tinh Chất giảm Thâm, Trắng Da Balance Active Formula Vitamin C Brightening Serum 30ml",[''],[13500000000],5,"Tr ơi.Shop đóng gói nhanh, cẩn thận.Mỗi tội bên Vận chuyển BEST Express giao hàng chậm mà ẩu quá. Hộp móp méo may mà sp không sao. Sp mua của Shopee Mall nên rất yên tâm về chất lượng, sp có mùi thơm nhẹ. Sau khi thoa lên kiểu da ẩm và mềm nhẹ. Sẽ dùng thêm 1time và quay lại đánh giá tiếp."
"Tinh Chất giảm Thâm, Trắng Da Balance Active Formula Vitamin C Brightening Serum 30ml",[''],[12900000000],5,"Thơm, dễ chịu dkndndndndndjdhđjdkkshdgdbsjsksjshdndjsjdbdjjdjdnsndndndndndndndndnbd"
"Tinh Chất giảm Thâm, Trắng Da Balance Active Formula Vitamin C Brightening Serum 30ml",[''],[13900000000],5,"Chưa xài nhưng mà thich cách gói hàng kỹ, giao hàng nhanh hihi, sẽ ủng hộ thêmmmmm"
"Tinh Chất giảm Thâm, Trắng Da Balance Active Formula Vitamin C Brightening Serum 30ml",[''],[13900000000],5,.mấy cái này thì kg cần phải bàn quá quen thuộc rồi. hàng chuẩn. đóng gói kỹ càng ạ. 
"Tinh Chất giảm Thâm, Trắng Da Balance Active Formula Vitamin C Brightening Serum 30ml",[''],[12800000000],5,Hãy để huy với sự Zi đi ấy sau có costal sự ratios giữ đi đi đi lịch harsh chỉ cứ
"Tinh Chất giảm Thâm, Trắng Da Balance Active Formula Vitamin C Brightening Serum 30ml",[''],[14900000000],5,Giao nhanh lắm. Sp good ko cần bàn rồi. Nói chung thích cách phục vụ của shoppppp
"Tinh Chất giảm Thâm, Trắng Da Balance Active Formula Vitamin C Brightening Serum 30ml",[''],[13900000000],5,Jywyjywjgwjgwjwgjtwjtwjwtiywjywjywjtquqtjwyjwykywjtwjywjtqjywjywjeyjehtwhwfhwthqt
"Tinh Chất giảm Thâm, Trắng Da Balance Active Formula Vitamin C Brightening Serum 30ml",[''],[12900000000],5,"Giao hàng nhanh,chai nhựa cứng ko phải thuỷ tinh,lần đầu mua nên chua biết có tác dụng ko"
"Tinh Chất giảm Thâm, Trắng Da Balance Active Formula Vitamin C Brightening Serum 30ml",[''],[13500000000],5,"Dùng oke đóng gói cẩn thận
Chỉ không thích vỏ chai bằng nhựa thôi còn lại oke cả"
"Tinh Chất giảm Thâm, Trắng Da Balance Active Formula Vitamin C Brightening Serum 30ml",[''],[13900000000],5,Giao hàng nhanh. Đóng gói hàng chắc chắn kĩ càng. Sd một time sẽ quay lại review
"Tinh Chất giảm Thâm, Trắng Da Balance Active Formula Vitamin C Brightening Serum 30ml",[''],[12900000000],5,Giao hàng hơi lâu nhưng gói hàng chắc chắn. Chưa dùng nên k biết hiệu quả ra sao
"Tinh Chất giảm Thâm, Trắng Da Balance Active Formula Vitamin C Brightening Serum 30ml",[''],[13500000000],5,"sản phẩm okila, mình mua mấy lần ở shop rồi, giao hàng nhanh lắm, nên mua nha mọi người, hiệu quả thì phải xài lâu mới biết được"
"Tinh Chất giảm Thâm, Trắng Da Balance Active Formula Vitamin C Brightening Serum 30ml",[''],[14900000000],5,"sp dùng lâu mới thấy kq được nhưng giá thành ok, sp có mùi hương liệu hơi mạnh."
"Tinh Chất giảm Thâm, Trắng Da Balance Active Formula Vitamin C Brightening Serum 30ml",[''],[12900000000],5,Fhxxcuctuxryxtucrzrztucjtcutxuculcjgtuxtixig txurzuditxutxyictjxgjcfyztucjgxgxi
"Tinh Chất giảm Thâm, Trắng Da Balance Active Formula Vitamin C Brightening Serum 30ml",[''],[14900000000],5,Jdjdnbddbjdjdjdjdndnd dnjdjjdjdjdjdjdndndndndjdndndnnd đnndjjdjjdjdjdjdjdjdjdnd
"Tinh Chất giảm Thâm, Trắng Da Balance Active Formula Vitamin C Brightening Serum 30ml",[''],[12900000000],5,Chất lượng sản phẩm tuyệt vời lắm ạ.vì là vitamin c nên có mùi nghệ hơi hắc 1 chút.dùng 1 thờ gian ngắm  sáng lên  tone luôn đó ạ
"Tinh Chất giảm Thâm, Trắng Da Balance Active Formula Vitamin C Brightening Serum 30ml",[''],[13500000000],5,Shop đóng gói chắc chắn .giao hàng nhanh nữa . mặt nạ thì ở ngoài hơi bé so với mình nghỉ 😂 .sẽ ủng hộ shop tiếp
"Tinh Chất giảm Thâm, Trắng Da Balance Active Formula Vitamin C Brightening Serum 30ml",[''],[14900000000],5,"Chất lỏng thấm nhanh và mướt. Tuy nhiên sp có màu đậm sẵn nên sau khi dùng rất khó canh nếu bị oxy hoá nè. Vì trc h mình chỉ dùng loại trong của Kielh vs Klair và sẽ thấy nó oxy hoá để ngừng dùng. 
Nhưng dùng nhanh thì k sao nè. Okie đoa."
"Tinh Chất giảm Thâm, Trắng Da Balance Active Formula Vitamin C Brightening Serum 30ml",[''],[13500000000],5,"Giao hàng nhanh, sản phẩm chưa sử dụng nên chưa biết nhưng hy vọng sẽ hiệu quả "
"Tinh Chất giảm Thâm, Trắng Da Balance Active Formula Vitamin C Brightening Serum 30ml",[''],[12800000000],5,"Đã nhận được hàng, đóng gói sản phẩm chắc, chưa sử dụng nên chưa biết thế nào. "
"Tinh Chất giảm Thâm, Trắng Da Balance Active Formula Vitamin C Brightening Serum 30ml",[''],[14900000000],5,Check thì hàng chính hãng nên không lo gì cả. Giao hàng hơi lâu. Mới dùng nên chưa có tác dụng mấy nhưng những vết thâm nhẹ do mụn bớt đi đáng kể
"Tinh Chất giảm Thâm, Trắng Da Balance Active Formula Vitamin C Brightening Serum 30ml",[''],[13900000000],5,"Hàng quốc hội khóa cửa tầng đặc biệt thự, mạnh khỏe, sớm lấy chồng nha a Nam,"
"Tinh Chất giảm Thâm, Trắng Da Balance Active Formula Vitamin C Brightening Serum 30ml",[''],[14900000000],5,"Giao hàng nhanh, gói hàng cẩn thận. Giá ổn. Chưa dùng nên chưa biết hiệu quả"
"Tinh Chất giảm Thâm, Trắng Da Balance Active Formula Vitamin C Brightening Serum 30ml",[''],[14900000000],5,Ddsjskjdhdhdjskskakkshdgdjskaldmdnnd
"Tinh Chất giảm Thâm, Trắng Da Balance Active Formula Vitamin C Brightening Serum 30ml",[''],[13500000000],5,Giao hàng nhanh sản phẩm chất lượng rất đáng tiền đóng gói sản phẩm rất đẹp
"Tinh Chất giảm Thâm, Trắng Da Balance Active Formula Vitamin C Brightening Serum 30ml",[''],[13500000000],5,"Serum dùng ko thấy bị kích ứng, Còn tác dụng phải dùng lâu mới đánh giá đc. "
"Tinh Chất giảm Thâm, Trắng Da Balance Active Formula Vitamin C Brightening Serum 30ml",[''],[13900000000],5,"Dùng cũng ok
K gây bết dính
Hiệu quả thì chưa thấy
Hình ảnh mang tc lấy xu"
"Tinh Chất giảm Thâm, Trắng Da Balance Active Formula Vitamin C Brightening Serum 30ml",[''],[14900000000],5,Chất lượng sản phẩm tuyệt vời. Đóng gói sản phẩm cẩn thận. Giao hàng nhanh 
"Tinh Chất giảm Thâm, Trắng Da Balance Active Formula Vitamin C Brightening Serum 30ml",[''],[12900000000],5,Mua mp ở shop này nhiều quá okila lại giá tốt nữaaaaaaaababahahahjajajajaj
"Tinh Chất giảm Thâm, Trắng Da Balance Active Formula Vitamin C Brightening Serum 30ml",[''],[14900000000],5,"Gianh hàng nhanh
Chất lượng chưa sử dụng không biết như nào
Thấy mn rv ổn😌"
"Tinh Chất giảm Thâm, Trắng Da Balance Active Formula Vitamin C Brightening Serum 30ml",[''],[12500000000],5,"Kết hợp các loại mình thấy nửa tháng có bớt thâm hơn,.. sẽ dùng tiếp xem kết quả ra sao....."
"Tinh Chất giảm Thâm, Trắng Da Balance Active Formula Vitamin C Brightening Serum 30ml",[''],[14900000000],5,Đóng gói hàng cẩn thận ạ. Mình đã xem kĩ hết những review xong mua. Mới dùng được hôm đầu nhưng mặt đã có cảm giác mịn hơn trước 
"Tinh Chất giảm Thâm, Trắng Da Balance Active Formula Vitamin C Brightening Serum 30ml",[''],[14900000000],5,"Giao hàng nội thành siêu nhanh, đặt nay là mai giao rồi. Hàng chính hãng."
"Tinh Chất giảm Thâm, Trắng Da Balance Active Formula Vitamin C Brightening Serum 30ml",[''],[14900000000],5,"Sản phẩm như hình, chưa sử dụng nên chưa review được. Shop mall nên yên tâm k phải hàng phake. Bực mỗi shiper giao hàng lần đầu nhưng thôi vẫn đánh giá shop 5sao "
"Tinh Chất giảm Thâm, Trắng Da Balance Active Formula Vitamin C Brightening Serum 30ml",[''],[13500000000],5,"Giao hàng nhanh giá ổn áp, ko biết hợp da không, đợi xài thử review tiếp"
"Tinh Chất giảm Thâm, Trắng Da Balance Active Formula Vitamin C Brightening Serum 30ml",[''],[13900000000],5,"Hàng ổn áp lắm ạ mà do mình lười chụp hic, giao hàng nhanh, gói cẩn thận"
"Tinh Chất giảm Thâm, Trắng Da Balance Active Formula Vitamin C Brightening Serum 30ml",[''],[13500000000],5,"Sản phâm siu cuteeee, mua rất nhiều lần của shop mà lần nào cũng ưng hết "
"Tinh Chất giảm Thâm, Trắng Da Balance Active Formula Vitamin C Brightening Serum 30ml",[''],[14900000000],5,"Giao hàng nhanh giá ổn áp, ko biết hợp da không, đợi xài thử review tiếp"
"Tinh Chất giảm Thâm, Trắng Da Balance Active Formula Vitamin C Brightening Serum 30ml",[''],[14900000000],5,"chất lượng sản phẩm tuyệt vời
giao hàng nhanh ạ
đóng gói kỹ rất cẩn thận"
"Tinh Chất giảm Thâm, Trắng Da Balance Active Formula Vitamin C Brightening Serum 30ml",[''],[12900000000],5,"Hàng giao đầy đủ, date xa, mặt nạ dùng thích cực. Vui á hâhhahah chai C mình đang dùnh hơi dính nhưng ẩm tốt, không biết có mờ thâm k"
"Tinh Chất giảm Thâm, Trắng Da Balance Active Formula Vitamin C Brightening Serum 30ml",[''],[14900000000],5,"Vưodofng dgs

Vưodofng dgs

Vưodofng dgs

Vưodofng dgsudjjdenebfbbcjdjd"
"Tinh Chất giảm Thâm, Trắng Da Balance Active Formula Vitamin C Brightening Serum 30ml",[''],[12900000000],5,"Hình ảnh chỉ mang tính chất lấy xu. Nhưng chất lượng sản phẩm tốt, giao hàng nhanh. "
"Tinh Chất giảm Thâm, Trắng Da Balance Active Formula Vitamin C Brightening Serum 30ml",[''],[13500000000],5,Thời gian giao hàng nhanh. Sản phẩm chất lượng. Shop đóng gôd cẩn thận 
"Tinh Chất giảm Thâm, Trắng Da Balance Active Formula Vitamin C Brightening Serum 30ml",[''],[13500000000],5,"Mặt nạ siêu cxinh nha ahihi 
Lần đầu mua serum dùng thử và review sau ạ "
"Tinh Chất giảm Thâm, Trắng Da Balance Active Formula Vitamin C Brightening Serum 30ml",[''],[12500000000],5,Mua dép mua shop nhiều mặt hàng sản phẩm ok ok nha là sao chạy bộ vít
"Tinh Chất giảm Thâm, Trắng Da Balance Active Formula Vitamin C Brightening Serum 30ml",[''],[13500000000],5,"Mua shope mall cũng yên tâm,chắc fai 2 lọ mới có hiệu quả.......zzzzz"
"Tinh Chất giảm Thâm, Trắng Da Balance Active Formula Vitamin C Brightening Serum 30ml",[''],[13500000000],5,"Sản phẩm ok , chính hãng , bị cái giao hơi chậm , dịch vụ của shop ok"
"Tinh Chất giảm Thâm, Trắng Da Balance Active Formula Vitamin C Brightening Serum 30ml",[''],[12800000000],5,Hàng auth ạ. Mua theo link của võ hà linh nên khá yên tâm. Mn nên mua
"Tinh Chất giảm Thâm, Trắng Da Balance Active Formula Vitamin C Brightening Serum 30ml",[''],[14900000000],5,"Đóng hàng rất chắc chắn, mình dùng đến lọ thứ 2 rồi sẽ ủng hộ lâu dài"
"Tinh Chất giảm Thâm, Trắng Da Balance Active Formula Vitamin C Brightening Serum 30ml",[''],[12800000000],5,Sản phẩm có mùi thơm nhẹ. Mua lần đầu nên không biết kết quả như nào
"Tinh Chất giảm Thâm, Trắng Da Balance Active Formula Vitamin C Brightening Serum 30ml",[''],[12800000000],5,Dùng đc 2 lần thấy bôi lên cũng thấm nhưng sờ mặt bị rít rít mùi thơm nhẹ thấy sài cũng OK nếu thấy thấy đổi rõ rệt sẽ mua tiếp
"Tinh Chất giảm Thâm, Trắng Da Balance Active Formula Vitamin C Brightening Serum 30ml",[''],[13500000000],5,Vì thấy shoppe mail nên mua. Mua hộ nên k biết chất lượng.chắc tốt
"Tinh Chất giảm Thâm, Trắng Da Balance Active Formula Vitamin C Brightening Serum 30ml",[''],[14900000000],5,Sản phẩm như hình giao hàng nhanh sản phẩm tốt đẹp đanh giá 5sao❤️
"Tinh Chất giảm Thâm, Trắng Da Balance Active Formula Vitamin C Brightening Serum 30ml",[''],[12900000000],5,"Chưa dùng nên chưa biết công dụng, giao hàng thành phố mà hơi lâu"
"Tinh Chất giảm Thâm, Trắng Da Balance Active Formula Vitamin C Brightening Serum 30ml",[''],[13900000000],5,Hình ảnh mang tính chất nhận xu. Mua nhiều lần rồi sử dụng ok lắm .....
"Tinh Chất giảm Thâm, Trắng Da Balance Active Formula Vitamin C Brightening Serum 30ml",[''],[13900000000],5,Hàng nhìn xịn sò nhưng chưa dùng nên chưa đánh giá dc chất lượng 
"Tinh Chất giảm Thâm, Trắng Da Balance Active Formula Vitamin C Brightening Serum 30ml",[''],[12900000000],5,"Đóng gói hàng cẩn thận, sản phẩm chất lượng lượngggggggggggggggg"
"Tinh Chất giảm Thâm, Trắng Da Balance Active Formula Vitamin C Brightening Serum 30ml",[''],[14900000000],5,"Hàng oke ạ
Giao hàng nhanh
Mới dùng nên chưa thấy gì thay đổi cả"
"Tinh Chất giảm Thâm, Trắng Da Balance Active Formula Vitamin C Brightening Serum 30ml",[''],[13900000000],5,Chckbuxt k ktxj lgyxgvkvydvkfuduvkvicyvjvkcysh k j h gxibvgxtxtx
"Tinh Chất giảm Thâm, Trắng Da Balance Active Formula Vitamin C Brightening Serum 30ml",[''],[12900000000],5,Giao hành nhanh và sản phẩm sử dụng rất okkkkkk ạ ❤️❤️❤️❤️❤️❤️❤️
"Tinh Chất giảm Thâm, Trắng Da Balance Active Formula Vitamin C Brightening Serum 30ml",[''],[13500000000],5,giao hàng nhanh hàng chuẩn auth shop đóng gói chắc chắn cẩn thận
"Tinh Chất giảm Thâm, Trắng Da Balance Active Formula Vitamin C Brightening Serum 30ml",[''],[14900000000],5,Mình chưa dùng nên ko biết nói gì. Nhưng mở ra mùi thơm nhẹ nhẹ dễ chịu lắm. Để dùng 1 thời gian xem sao đã nghen 😘
"Tinh Chất giảm Thâm, Trắng Da Balance Active Formula Vitamin C Brightening Serum 30ml",[''],[14900000000],5,"đã nhận đc hàng, đóng gói kĩ 
chưa sd nên chưa biết kq ra sao nhưng nhìn rất ưng ạ
sẽ ủng hộ shop dài dài🥰"
"Tinh Chất giảm Thâm, Trắng Da Balance Active Formula Vitamin C Brightening Serum 30ml",[''],[13900000000],5,Lần đầu tiên mua hàng ở shop rất ưng ý vì mỗi sản phẩm shop đều gói cẩn thận. Nhận hàng đủ sản phẩm là thấy ưng rồi ấy ♥️ Sẽ ủng hộ shop dài ạ.
"Tinh Chất giảm Thâm, Trắng Da Balance Active Formula Vitamin C Brightening Serum 30ml",[''],[12800000000],5,Thấy ổn thôi. Còn kqua có trắng lên tia nqof k thì k thấyyyyyyy
"Tinh Chất giảm Thâm, Trắng Da Balance Active Formula Vitamin C Brightening Serum 30ml",[''],[13500000000],5,Hình ảnh mang tính chất nhận xu.. mới sd nên kb hiệu quả sao...
"Tinh Chất giảm Thâm, Trắng Da Balance Active Formula Vitamin C Brightening Serum 30ml",[''],[13500000000],5,Shop giao đủ hàng chất lượng giống hình mình tin tưởng shop lắm
"Tinh Chất giảm Thâm, Trắng Da Balance Active Formula Vitamin C Brightening Serum 30ml",[''],[13500000000],5,"Giao hàng chậm, shop phản hồi khách nhiệt tình, hàng chuẩn auth"
"Tinh Chất giảm Thâm, Trắng Da Balance Active Formula Vitamin C Brightening Serum 30ml",[''],[13500000000],5,Chất lượng sản phẩm phù hợp giá tiền...sẽ ủng hộ shop lần sau.
"Tinh Chất giảm Thâm, Trắng Da Balance Active Formula Vitamin C Brightening Serum 30ml",[''],[13900000000],5,"Giao hàng nhanh, sản phẩm dùng thích lắm, mềm da hơn hẳn,,,,,,"
"Tinh Chất giảm Thâm, Trắng Da Balance Active Formula Vitamin C Brightening Serum 30ml",[''],[14900000000],5,"Đóng gói chắc chắn, nay nhận đc hàng nên chưa biết sử dụng ntn"
"Tinh Chất giảm Thâm, Trắng Da Balance Active Formula Vitamin C Brightening Serum 30ml",[''],[12800000000],5,"Thơm từ cái hộp bên ngoai rôi, mùi dễ chịu minh chuaq dùng nên cung hok biêt saooo săn sale nên cung sợ .. "
"Tinh Chất giảm Thâm, Trắng Da Balance Active Formula Vitamin C Brightening Serum 30ml",[''],[13900000000],5,Oki la djkidkdosndndbdjskskxkdjdnsjdnskw. Đi. Đi d. E. Snskjsidns sbajsjdnznsjsjsdh
"Tinh Chất giảm Thâm, Trắng Da Balance Active Formula Vitamin C Brightening Serum 30ml",[''],[12800000000],5,Mới sử dụng được 2 lần thôi . Chưa thấy td gì nhiều lắm mình săn sale khá là ok
"Tinh Chất giảm Thâm, Trắng Da Balance Active Formula Vitamin C Brightening Serum 30ml",[''],[12800000000],5,Giao hàng thân thiện. Đóng gói kỹ càng. Hhhhhhjjhjjjjjjjhhhhh
"Tinh Chất giảm Thâm, Trắng Da Balance Active Formula Vitamin C Brightening Serum 30ml",[''],[13500000000],5,hình ảnh kh liên quan nhma hàng chất lượng thiệt nhaaaaaaaaaa
"Tinh Chất giảm Thâm, Trắng Da Balance Active Formula Vitamin C Brightening Serum 30ml",[''],[13500000000],5,"Serum thấm nhanh, có mùi hơi nồng nhưng sẽ hết ngay........."
"Tinh Chất giảm Thâm, Trắng Da Balance Active Formula Vitamin C Brightening Serum 30ml",[''],[14900000000],5,gói hàng kĩ với lại anh shipper dth lắm kkk! còn chất lượng sản phẩm thì để sd thì mới biết được mà cũng mong là oki đó!
"Tinh Chất giảm Thâm, Trắng Da Balance Active Formula Vitamin C Brightening Serum 30ml",[''],[14900000000],5,"Đã mua nhiều lần ở shop này, shop uy tín và giao hàng nhanh"
"Tinh Chất giảm Thâm, Trắng Da Balance Active Formula Vitamin C Brightening Serum 30ml",[''],[13500000000],5,"Shop đóng gói cẩn thận, hàng nhận đầy đủ, tin tưởng chất lượng"
"Tinh Chất giảm Thâm, Trắng Da Balance Active Formula Vitamin C Brightening Serum 30ml",[''],[12900000000],5,Sfkskhdkgdlhxlhdgldgkdgkdhldlyfbxdkgshldlydoyelysoyeorlyro
"Tinh Chất giảm Thâm, Trắng Da Balance Active Formula Vitamin C Brightening Serum 30ml",[''],[12900000000],5,"Đã mua lần thứ 3 rồi cảm thấy hài lòng , chắc mặt mình phải sử dụng 10 lọ nó mới cải thiện lên được. "
"Tinh Chất giảm Thâm, Trắng Da Balance Active Formula Vitamin C Brightening Serum 30ml",[''],[12800000000],5,"Giao nhanh , chưa dùng lên chưa biết , mình sẽ dùng thử và cảm nhận"
"Tinh Chất giảm Thâm, Trắng Da Balance Active Formula Vitamin C Brightening Serum 30ml",[''],[13500000000],5,Hy vọng là chất lượng okkkkkkkkkkkkkkkkkkkkkkkkkkkkkkkkk
"Tinh Chất giảm Thâm, Trắng Da Balance Active Formula Vitamin C Brightening Serum 30ml",[''],[13500000000],5,💯💯💯💯💯💯💯💯💯💯💯💯💯💯💯💯💯💯💯💯💯💯💯💯💯💯💯💯💯💯💯💯💯💯💯💯💯💯💯💯💯💯💯💯💯💯💯💯💯💯💯💯💯💯💯💯
"Tinh Chất giảm Thâm, Trắng Da Balance Active Formula Vitamin C Brightening Serum 30ml",[''],[14900000000],5,Chưa sử dụng nên chưa đánh giá đc dùng OK hay k … giao hàng nhanh
"Tinh Chất giảm Thâm, Trắng Da Balance Active Formula Vitamin C Brightening Serum 30ml",[''],[13500000000],5,Sản phẩm okkkkkkkkkk okkkkkkkkk okkkkkkkkkk okkkkkkkkkk
"Tinh Chất giảm Thâm, Trắng Da Balance Active Formula Vitamin C Brightening Serum 30ml",[''],[12800000000],5,"giao hàng siêu nhanh, đặt hôm sale 5/5 mà hôm nay đã giao rồi =)))
chất lượng sp thì khum bik vì chưa sd, nhưng thấy quy cách đóng gói hơi sơ sài, mong là mua của mall sẽ khum bị vấn đề hàng đểu =))"
"Tinh Chất giảm Thâm, Trắng Da Balance Active Formula Vitamin C Brightening Serum 30ml",[''],[13500000000],5,"Đóng gói cẩn thận, sản phẩm tốt, giao hàng khá nhanh. Nói chung mọi người nên mua nha vì ở đây uy tín và chất lượng, mình mua khá nhiều lần rồi "
"Tinh Chất giảm Thâm, Trắng Da Balance Active Formula Vitamin C Brightening Serum 30ml",[''],[12500000000],5,"Rất hài lòng về sản phẩm, mình đã sử dụng hơn 1 tuần rồi. Mùi cũng dễ chịu, thấm, dùng thêm kem dưỡng thì tuyệt vời. Các bạn nên mua
Khi nào hết mình sẽ mua tiếp!!!"
"Tinh Chất giảm Thâm, Trắng Da Balance Active Formula Vitamin C Brightening Serum 30ml",[''],[13500000000],5,"Giao hàng nhanh mua , đóng gói chắc chắn .. hhjjjjjjjj"
"Tinh Chất giảm Thâm, Trắng Da Balance Active Formula Vitamin C Brightening Serum 30ml",[''],[12900000000],5,"Tôi hài lòng với sản phẩm này, rất tốt tôi rất thích nó"
"Tinh Chất giảm Thâm, Trắng Da Balance Active Formula Vitamin C Brightening Serum 30ml",[''],[12800000000],5,"Hình ảnh chỉ mang tính chất nhận xu
Chất lượng sản phẩm tốt, đóng gói chắc chắn"
"Tinh Chất giảm Thâm, Trắng Da Balance Active Formula Vitamin C Brightening Serum 30ml",[''],[12900000000],5,Ok 👍🏻 😍😍😍😍😍😍😍😍😍😍😍😍😍😍😍😍😍😍😍😍😍😍😍😍😍😍😍😍😍😍😍😍😍😍😍😍😍😍😍😍😍😍😍😍😍😍😍
"Tinh Chất giảm Thâm, Trắng Da Balance Active Formula Vitamin C Brightening Serum 30ml",[''],[12900000000],5,"Lần đầu mua sử dụng chưa biết kết quả như thế nào, giao hàng nhanh "
"Tinh Chất giảm Thâm, Trắng Da Balance Active Formula Vitamin C Brightening Serum 30ml",[''],[13500000000],5,"Cái này mùi thơm ghê, vitamin C bảo quản tủ lạnh lần bôi phải chạy xuống dưới, mà mình toàn ngủ trễ nên sợ gần chớt 😭"
"Tinh Chất giảm Thâm, Trắng Da Balance Active Formula Vitamin C Brightening Serum 30ml",[''],[12800000000],5,"Sản phẩm tốt đúng mô tả, 1 lọ 30ml khá nhiều, xài tốt sẽ ủng hộ shop lâu dài .........................................."
"Tinh Chất giảm Thâm, Trắng Da Balance Active Formula Vitamin C Brightening Serum 30ml",[''],[13500000000],5,"Mua ở shop lần này là lần thứ 2 rồi. Lần trước mình xài okela lứm, da mướt lên trông thấy lun, có làm mờ vết thâm một tẹo sau khi xài hết cả lọ. Nói chung là khá hài lòng về chất lượng với mức giá như vậy. Lần trước giao nhanh, đợt này đợi mãiiii. Đợt này hàng bị móp xíu nhưng ko sao. Mãi ủng hộ"
"Tinh Chất giảm Thâm, Trắng Da Balance Active Formula Vitamin C Brightening Serum 30ml",[''],[14900000000],5,"Giao hàng hơi lâu, còn lại thì phải để dùng mới viết đc, hình ảnh với video chỉ mang tính chất minh họa."
"Tinh Chất giảm Thâm, Trắng Da Balance Active Formula Vitamin C Brightening Serum 30ml",[''],[14900000000],5,Fisixjjckkkrkekskkxkxkxkzksmwmsmfmfmxkkđfjdjdjsjszj
"Tinh Chất giảm Thâm, Trắng Da Balance Active Formula Vitamin C Brightening Serum 30ml",[''],[14900000000],5,Okkkkkkkkkkkkkkkkkkkkkkkkkkkkkkkkkkkkkkkkkkkkkkkkkk
"Tinh Chất giảm Thâm, Trắng Da Balance Active Formula Vitamin C Brightening Serum 30ml",[''],[12800000000],5,"Shop đóng gói kĩ, sản phẩm chưa dùng nên cũng không biết có hiệu quả nhiều như lời đồn không🤣🤣"
"Tinh Chất giảm Thâm, Trắng Da Balance Active Formula Vitamin C Brightening Serum 30ml",[''],[13900000000],5,"Giao hàng rất nhanh đặt hôm 6/6 mà 7/6 đã nhận được hàng, đóng gói sản phẩm kỹ và nguyên vẹn"
"Tinh Chất giảm Thâm, Trắng Da Balance Active Formula Vitamin C Brightening Serum 30ml",[''],[12800000000],5,"Chưa dùng nhưng đóng gói chắc chắn
Nếu dùng tốt sẽ ủng hộ nhiều sp của shop hơn
"
"Tinh Chất giảm Thâm, Trắng Da Balance Active Formula Vitamin C Brightening Serum 30ml",[''],[13500000000],5,fhzkgckhcmhckhckhckhnfjfxt
"Tinh Chất giảm Thâm, Trắng Da Balance Active Formula Vitamin C Brightening Serum 30ml",[''],[13500000000],5,"Cccccgchcffjkhkhckhdhffhkffb
Bc hnbcbcbxbcbcnvvvvv    "
"Tinh Chất giảm Thâm, Trắng Da Balance Active Formula Vitamin C Brightening Serum 30ml",[''],[13800000000],5,"Giao hàng lần nào cũng hơi lâu 
Tuy nhiên vì tin dùng nên vẫn ráng chờ
Sản phẩm ổn, giá hợp lý 
Đã mua 4 lần"
"Tinh Chất giảm Thâm, Trắng Da Balance Active Formula Vitamin C Brightening Serum 30ml",[''],[13800000000],5,"Giao hàng lần nào cũng hơi lâu 
Tuy nhiên vì tin dùng nên vẫn ráng chờ
Sản phẩm ổn, giá hợp lý 
Đã mua 5 lần"
"Tinh Chất giảm Thâm, Trắng Da Balance Active Formula Vitamin C Brightening Serum 30ml",[''],[12800000000],5,"Giao hàng nhanh, đóng gói sản phẩm chắc chắn. Hi vọng serum sẽ giúp cải thiện làn da của mình. "
"Tinh Chất giảm Thâm, Trắng Da Balance Active Formula Vitamin C Brightening Serum 30ml",[''],[12800000000],5,"Mới dùng thấy dịu nhẹ, kh có cảm giác gì. Lọ be bé, mong là có hiệu quả. Hàng giao khá nhanh"
"Tinh Chất giảm Thâm, Trắng Da Balance Active Formula Vitamin C Brightening Serum 30ml",[''],[14900000000],5,"Mua ở đây 3 4 lần r
Hàng chính hãng nha mng nên mua 
Hình ảnh chỉ mang tc nhận xu ...."
"Tinh Chất giảm Thâm, Trắng Da Balance Active Formula Vitamin C Brightening Serum 30ml",[''],[13500000000],5,Mùi dịu nhẹ chdjskappalammqmsxbwqoplqlxm nmlslalmcmcmdma
"Tinh Chất giảm Thâm, Trắng Da Balance Active Formula Vitamin C Brightening Serum 30ml",[''],[12900000000],5,mình dùng hơn nửa lọ rồi nhưng thấy da vẫn chưa sáng nhma thâm thì cải thiện được ít
"Tinh Chất giảm Thâm, Trắng Da Balance Active Formula Vitamin C Brightening Serum 30ml",[''],[12800000000],5,Mình mới dung chưa biết hiệu quả như nào nhưng thấy serum  thoang thoảng mùi giống c sủi khá thơm thấm nhanh vào da 
"Tinh Chất giảm Thâm, Trắng Da Balance Active Formula Vitamin C Brightening Serum 30ml",[''],[12900000000],5,"Ok
Bahzhzhhzhzhshshhszhhzbzbzhshzhzhzbzhzbzbzbzbzbzbzb"
"Tinh Chất giảm Thâm, Trắng Da Balance Active Formula Vitamin C Brightening Serum 30ml",[''],[13500000000],5,Mình chưa dùng thử luôn nhưng thấy review tốt lắm nè với mua được giá ngon nghẻ quá hehe
"Tinh Chất giảm Thâm, Trắng Da Balance Active Formula Vitamin C Brightening Serum 30ml",[''],[13500000000],5,Giao hàng nhanh. Lần đầu dùng chưa biết hiệu quả ra sao. 1 thời gian sau quay lại đánh giá tiếp 🥰🥰🥰
"Tinh Chất giảm Thâm, Trắng Da Balance Active Formula Vitamin C Brightening Serum 30ml",[''],[13900000000],5,CÂU HỎI: EM HÃY LẤY MỘT VÍ DỤ CỤ THỂ ĐỂ CHỨNG MINH MÂU THUẪN GIỮ VAI TRÒ LÀ NGUỒN GỐC VÀ ĐỘNG LỰC CỦA SỰ PHÁT TRIỂN?CÂU HỎI: EM HÃY LẤY MỘT VÍ DỤ CỤ THỂ ĐỂ CHỨNG MINH MÂU THUẪN GIỮ VAI TRÒ LÀ NGUỒN GỐC VÀ ĐỘNG LỰC CỦA SỰ PHÁT TRIỂN?
"Tinh Chất giảm Thâm, Trắng Da Balance Active Formula Vitamin C Brightening Serum 30ml",[''],[12900000000],5,"Đóng gói sản phẩm nhanh, đẹp,
😍😍😍😍😍😍😍😍😍😍😍😍😍😍😍😍😍😍😍😍😍😍😍😍😍😍😍"
"Tinh Chất giảm Thâm, Trắng Da Balance Active Formula Vitamin C Brightening Serum 30ml",[''],[12900000000],5,Săn sale 6/6 nên mua được giá hời. Chất lượng chưa sử dụng nhưng thấy revie khá tốt. Hi vọng sẽ hợp với em này
"Tinh Chất giảm Thâm, Trắng Da Balance Active Formula Vitamin C Brightening Serum 30ml",[''],[13500000000],5,"Tuy có sự cố nhưng shop xử lý rất nhanh. Chất lượng phải sài mới biết . Mik cũng đánh giá cao tinh thần của shop. Cảm ơn shop nhiều và sẽ ủng hộ thêm nữa.
Mik cho shop 5 sao ."
"Tinh Chất giảm Thâm, Trắng Da Balance Active Formula Vitamin C Brightening Serum 30ml",[''],[13500000000],5,Chất lượng ok okokokokokokokokokokokokookokokokokokok
"Tinh Chất giảm Thâm, Trắng Da Balance Active Formula Vitamin C Brightening Serum 30ml",[''],[13900000000],5,sản phẩm chính hãng giao hàng nhanh săn sale nên đc giá hời . hình ảnh chỉ mang tính chất lấy xu
"Tinh Chất giảm Thâm, Trắng Da Balance Active Formula Vitamin C Brightening Serum 30ml",[''],[14900000000],5,"Mua nhiều quá ùi, hàng chất lượng, 6 lọ rồi."
"Tinh Chất giảm Thâm, Trắng Da Balance Active Formula Vitamin C Brightening Serum 30ml",[''],[13500000000],5,"Sản phẩm chất lượng, chính hãng, đóng gói kĩ lương, giao hàng nhanh"
"Tinh Chất giảm Thâm, Trắng Da Balance Active Formula Vitamin C Brightening Serum 30ml",[''],[13500000000],5,"Thờiiiii giannnn giaoooo hàngggg nhanhh
Đóng gói sp chắc chănnn"
"Tinh Chất giảm Thâm, Trắng Da Balance Active Formula Vitamin C Brightening Serum 30ml",[''],[14900000000],5,"Mong là dùnG hạp. Shop giao hàng nhanh, rep tn hỗ trợ nhanh chóng 😚😚😚😚😚😚😚"
"Tinh Chất giảm Thâm, Trắng Da Balance Active Formula Vitamin C Brightening Serum 30ml",[''],[14900000000],5,Mua làm quà ok lắm 😊😊😊😊😊😊😊😊😊😊😊😊😊😊😊🥺😊😊😊😊😊😊😊😊😊😊😊
"Tinh Chất giảm Thâm, Trắng Da Balance Active Formula Vitamin C Brightening Serum 30ml",[''],[12800000000],5,Bznsjjdbxb xjdjisiskwkd jdjchuwisbx jsksoaoudhcbx jdidiiehrvdb jsksjxbjefbf djjeiejbxbdijdjcjrincnsna địhdndj
"Tinh Chất giảm Thâm, Trắng Da Balance Active Formula Vitamin C Brightening Serum 30ml",[''],[14900000000],5,Nnsjsjsjsjsjsjsmsmsjxjxmxnsnxmmdmdmdkmmdmmđ
"Tinh Chất giảm Thâm, Trắng Da Balance Active Formula Vitamin C Brightening Serum 30ml",[''],[13900000000],5,Đồn là lành tính. Mk chưa dùng nên chưa có đánh giá gì nhiều. Nếu ok thì để cmt ko thì mình sẽ xoá 
"Tinh Chất giảm Thâm, Trắng Da Balance Active Formula Vitamin C Brightening Serum 30ml",[''],[13500000000],5,Ưnghhh lắm luôn nha giáo hàng nhanh rất dễ thương nữa chụp hình dep
"Tinh Chất giảm Thâm, Trắng Da Balance Active Formula Vitamin C Brightening Serum 30ml",[''],[12800000000],5,"Giao nhanh,sản phẩm ok,chất lượng ok,là shopee mall nên mình rất yên tâm🙆🏻‍♀️🙆🏻‍♀️🙆🏻‍♀️🙆🏻‍♀️"
"Tinh Chất giảm Thâm, Trắng Da Balance Active Formula Vitamin C Brightening Serum 30ml",[''],[13500000000],5,"Giao hàng nhanh, mua dùm nên kb chất lượng ntn........................."
"Tinh Chất giảm Thâm, Trắng Da Balance Active Formula Vitamin C Brightening Serum 30ml",[''],[12800000000],5,"Đóng gói cẩn thận, 2 lọ nhỏ nhỏ nhìn xinh =)) cái huxley thì hình như sản phẩm nào của nó cũng có đúng 1 mùi thơm đó thì phải =)) mình hơi dị ứng với mùi nên k thích lắm nhưng chất lượng sản phẩm của nó thì k chê đc. Mua serum balance về xài buổi sáng kết hợp kcn cho hiệu quả"
"Tinh Chất giảm Thâm, Trắng Da Balance Active Formula Vitamin C Brightening Serum 30ml",[''],[14900000000],5,"hang check ra ma nha...mới dùng nên chưa thể cho kqua ntn... sau khi dùng sẽ quay lại đánh giá tiếp
ssnjsjd. djenddddddkkxnfdnxbeknxnfmdnnxmx"
"Tinh Chất giảm Thâm, Trắng Da Balance Active Formula Vitamin C Brightening Serum 30ml",[''],[13500000000],5,"Giao hàng nhanh, chất lượng thì chưa dùng nên chưa dám đánh giá, sau khi dùng xong đánh giá lại sau"
"Tinh Chất giảm Thâm, Trắng Da Balance Active Formula Vitamin C Brightening Serum 30ml",[''],[12800000000],5,"Chào mừng bạn đến với bảng nhớ tạm của Gboard, bất kỳ văn bản nào bạn sao chép sẽ được lưu tại đây."
"Tinh Chất giảm Thâm, Trắng Da Balance Active Formula Vitamin C Brightening Serum 30ml",[''],[13900000000],5,"Sản phẩm tốt 
Đúng mẫu 
Check ra...... 
....... 
.... 
................ "
"Tinh Chất giảm Thâm, Trắng Da Balance Active Formula Vitamin C Brightening Serum 30ml",[''],[13500000000],5,Đã nhận được hàng. Giao đúng mẫu đúng hình. Chưa dùng nên chưa biết . Dạng nước nên thẩm thấu nhanh... K biết nhận điểm nào để nhận biết hàng thật hay hàng giả
"Tinh Chất giảm Thâm, Trắng Da Balance Active Formula Vitamin C Brightening Serum 30ml",[''],[14900000000],5,Vì mới mua sản phẩm lần đầu nên chưa biết có tốt hay k nhưng shop giao hàng rất nhanh và đóng gói cũng rất càn thận
"Tinh Chất giảm Thâm, Trắng Da Balance Active Formula Vitamin C Brightening Serum 30ml",[''],[13500000000],4,"Giao hàng lâu
Lần đầu mua hàng của shop không biết sản phẩm thật giả ra sao"
"Tinh Chất giảm Thâm, Trắng Da Balance Active Formula Vitamin C Brightening Serum 30ml",[''],[13500000000],5,"Mang tính chất lấy xu. Đóng gói chắc chắn, cẩn thận, giao hàng nhanh"
"Tinh Chất giảm Thâm, Trắng Da Balance Active Formula Vitamin C Brightening Serum 30ml",[''],[13500000000],5,Ảnh không liên quan cơ mà mới dùng nên chưa biết chất lượng.thẩm thấu vào da rất nhanh
"Tinh Chất giảm Thâm, Trắng Da Balance Active Formula Vitamin C Brightening Serum 30ml",[''],[14900000000],5,Đóng gói cẩn thận nha. Chất lượng thì chưa dùng nên chưa biết tn
"Tinh Chất giảm Thâm, Trắng Da Balance Active Formula Vitamin C Brightening Serum 30ml",[''],[12900000000],5,"Vitamin có mùi thơm, chưa dùng lần nào không biết da sài có ổn không. Nhưng khi thoa lên da rất thích"
"Tinh Chất giảm Thâm, Trắng Da Balance Active Formula Vitamin C Brightening Serum 30ml",[''],[12900000000],5,"Mình mua shopee mall nên yên tâm lắm
Nhưng mình đang điều trị mụn nên chưa dùng đến e này, lời khuyên mình tích góp được khi xem review là trị mụn trước - dưỡng trắng sau. Ko nên dùng e này khi da vẫn còn nhiều mụn đặc biệt là mụn sưng viêm không những k giúp cải thiện mà ngược lại còn nuôi mụn đó."
"Tinh Chất giảm Thâm, Trắng Da Balance Active Formula Vitamin C Brightening Serum 30ml",[''],[12800000000],5,"Đóng gói sản phẩm chắc chắn, săn sale nên thấy rẻ, của mall cũng yên tâm nx, chưa thử nên ch b, ncl đến hiện tại vẫn hài lòng^^"
"Tinh Chất giảm Thâm, Trắng Da Balance Active Formula Vitamin C Brightening Serum 30ml",[''],[12900000000],5,Lần đầu tiên mua dùng. Cũng chưa dùng đc mấy nên chưa đánh giá được. Nếu ok thì sẽ mua tiếp.
"Tinh Chất giảm Thâm, Trắng Da Balance Active Formula Vitamin C Brightening Serum 30ml",[''],[12800000000],5,"Shop đóng hàng cẩn thận. Giao hàng nhanh.
Chưa sử dụng sản phẩm nên k biết hiệu quả ntn"
"Tinh Chất giảm Thâm, Trắng Da Balance Active Formula Vitamin C Brightening Serum 30ml",[''],[13500000000],5,"Ngol, bổ, rẻ nha, đáng nua ạ!!! Sẽ vòn ủng hộ shop 👍👍👍👍👍👍👍👍👍👍👍👍👍👍👍👍👍👍👍"
"Tinh Chất giảm Thâm, Trắng Da Balance Active Formula Vitamin C Brightening Serum 30ml",[''],[12900000000],5,Nguyên tắc giải quyết vấn đề tôn giáo hiện nay của Đảng và nhà nước ta
"Tinh Chất giảm Thâm, Trắng Da Balance Active Formula Vitamin C Brightening Serum 30ml",[''],[12800000000],5,"Sản phẩm thấm nhanh vào da, không bị bí rít da, đấy là điều mình thích, nhất là vào mùa hè thế này"
"Tinh Chất giảm Thâm, Trắng Da Balance Active Formula Vitamin C Brightening Serum 30ml",[''],[13500000000],5,"Video minh họa. Đã nhận được hàng. Giao đúng màu, giá ổn, nhiều quà tặng, không biết có sạch da không nhưng mềm và mịn da hơn hẳn "
"Tinh Chất giảm Thâm, Trắng Da Balance Active Formula Vitamin C Brightening Serum 30ml",[''],[14900000000],5,Đóng gói sản phẩm rất đẹp và chắc chắn sẽ ủng hộ shop thêm lần sau 
"Tinh Chất giảm Thâm, Trắng Da Balance Active Formula Vitamin C Brightening Serum 30ml",[''],[13500000000],5,"Đã bao giờ bạn có cảm giác “càng trưởng thành càng khó cảm thấy hạnh phúc”?
Giá cả tốt sản phẩn chất lượng"
"Tinh Chất giảm Thâm, Trắng Da Balance Active Formula Vitamin C Brightening Serum 30ml",[''],[12800000000],5,"hhsncjcmdodjdjckcmocmdf
giao hàng nhanh
đóng gói cẩn thận
hình ảnh và vid mang tính chất lấy xu"
"Tinh Chất giảm Thâm, Trắng Da Balance Active Formula Vitamin C Brightening Serum 30ml",[''],[12500000000],5,"Chắc là dùng lâu mới có tác dụng. Mn dùng buổi sáng nhớ bôi kem chống nắng nhéeee
"
"Tinh Chất giảm Thâm, Trắng Da Balance Active Formula Vitamin C Brightening Serum 30ml",[''],[13500000000],5,Chời ơi 3 ngày là nhận đc hàng đóng gói quá Ok. Sản phẩm thơm Date còn tận 2 năm. Giao hàng nhanh. Sp thơm nhẹ. Mình sẽ ủng hộ tiếp. Cám ơn shop vì chất lượng và đóng gói sản phẩm. Chúc shop buôn may bán đắt. 
"Tinh Chất giảm Thâm, Trắng Da Balance Active Formula Vitamin C Brightening Serum 30ml",[''],[14900000000],5,Mới mua về dùng thử nên chưa có đánh giá đc . Giao hàng thì bình thường ko nhanh ko chậm . Nhưng mua của Mall nên khá yên tâm
"Tinh Chất giảm Thâm, Trắng Da Balance Active Formula Vitamin C Brightening Serum 30ml",[''],[12500000000],5,"Đóng gói cẩn thận, còn về hiệu quả như thế nào thì 1 thời gian nữa mới biết. Kh biết da mình có nhạy cảm không? Khi bôi lên mặt thì rát 🥲"
"Tinh Chất giảm Thâm, Trắng Da Balance Active Formula Vitamin C Brightening Serum 30ml",[''],[12800000000],5,"săn sale nên giá cũng ổn, đóng gói chắc chắn, không bị đổ sản phẩm ra ngoài, giao hàng nhanh"
"Tinh Chất giảm Thâm, Trắng Da Balance Active Formula Vitamin C Brightening Serum 30ml",[''],[14900000000],5,"Giao hàng nhanh, sản phẩm chất lượnggggggggggggggggggggg"
"Tinh Chất giảm Thâm, Trắng Da Balance Active Formula Vitamin C Brightening Serum 30ml",[''],[13900000000],5,"Đóng gói sản phẩm cẩn thận,chắc chắn,giao hàng nhanh,đây cũng là lần 2 mua đồ tại shop rồi,rất yên tâm và tin tưởng"
"Tinh Chất giảm Thâm, Trắng Da Balance Active Formula Vitamin C Brightening Serum 30ml",[''],[12900000000],5,"Giá tiền hợp lí , săn sale nên rẻ và tin tưởng mua tạo shop Mall .. cấp ẩm tốt , mịn da ..."
"Tinh Chất giảm Thâm, Trắng Da Balance Active Formula Vitamin C Brightening Serum 30ml",[''],[13900000000],5,"Con người dù đang ở bất cứ độ tuổi nào, thì cũng phải học cách bày tỏ yêu thương.
Nếu người đó quan trọng với bạn, hãy bày tỏ cho họ biết."
"Tinh Chất giảm Thâm, Trắng Da Balance Active Formula Vitamin C Brightening Serum 30ml",[''],[13900000000],5,"Giao hàng nhanh, đóng gói cẩn thận. Phù hợp cho da mới bắt đầu sd vitamin C, kh châm chích, dễ thẩm thấu và hiệu quả rõ rệt trong 1 tuần sd liên tục , nên mua nha mn. 
Lưu ý ngưng sd sản phẩm khi chất chuyển sang màu nâu đậm( quá date)"
"Tinh Chất giảm Thâm, Trắng Da Balance Active Formula Vitamin C Brightening Serum 30ml",[''],[13800000000],5,"Đã dùng lọ thứ 2 nhưng hiệu quả thì chưa thấy rõ😞
Nhưng vẫn đang kiên trì sd "
"Tinh Chất giảm Thâm, Trắng Da Balance Active Formula Vitamin C Brightening Serum 30ml",[''],[13500000000],5,"Chai bằng nhựa, nhìn nhỏ nhỏ tại cũng có 30ml hà. Serum mùi thơm, mày cam nhẹ, còn về tác dụng giảm thâm thì chắc phải dùng lâu mới biết"
"Tinh Chất giảm Thâm, Trắng Da Balance Active Formula Vitamin C Brightening Serum 30ml",[''],[14900000000],5,"Serum có vẻ hơi lỏng so với các sản phẩm thương hiệu khác, màu tinh chất vàng cam, ko bt xài có bị ố vàng ko, kkk để thử xem sao"
"Tinh Chất giảm Thâm, Trắng Da Balance Active Formula Vitamin C Brightening Serum 30ml",[''],[12900000000],5,"Vừa nhận được hàng,shopee mall nên không sợ bị dởm như mấy shop khác ,nói chung hài lòng chưa sử dụng không biết có bị kích ứng ko hi vọng là k"
"Tinh Chất giảm Thâm, Trắng Da Balance Active Formula Vitamin C Brightening Serum 30ml",[''],[14900000000],5,Mình mua về nhưng chưa dùng. Vì mua Mall nên mình cũng ytam hàng chuẩn. Mình định xử lí mấy cái mụn nhỏ xong sẽ dùng :33333
"Tinh Chất giảm Thâm, Trắng Da Balance Active Formula Vitamin C Brightening Serum 30ml",[''],[14900000000],5,Đã mua nhiềuuuuu lầnnnnn oẻ shoppppp và đều rất hàiiiii lònggggggg
"Tinh Chất giảm Thâm, Trắng Da Balance Active Formula Vitamin C Brightening Serum 30ml",[''],[12800000000],5,"Sản phẩm đóng gói rất cẩn thận
Còn hiệu quả hay không pải dùng mới biết được ạ"
"Tinh Chất giảm Thâm, Trắng Da Balance Active Formula Vitamin C Brightening Serum 30ml",[''],[12900000000],5,Đóng gói cẩn rhaajn. Mọi thứ đều ổn. Dùng nếu ok thì mình sẽ quay lại 
"Tinh Chất giảm Thâm, Trắng Da Balance Active Formula Vitamin C Brightening Serum 30ml",[''],[13900000000],5,"giao hàng nhanh shipper thân thiện 
🍭🍭🍭🍭🍭🍭🍭🍭🍭🍭🍭🍭🍭🍭🍭🍭🍭🍭🍭🍭🍭"
"Tinh Chất giảm Thâm, Trắng Da Balance Active Formula Vitamin C Brightening Serum 30ml",[''],[14900000000],5,"Mình check trên icheck thì hàng chính hãng mà chỉ check vỏ hộp thôi nên là k biết chắc chắn chính hãng không, nhưng mà chất serum với màu sắc thì khá đúng, sài cũng ok lắm á"
"Tinh Chất giảm Thâm, Trắng Da Balance Active Formula Vitamin C Brightening Serum 30ml",[''],[12800000000],5,"Shop đóng gói sản phẩm cẩn thận
Giao hàng nhanh
Mình chưa dùng nên chưa biết ok không nhưng thấy review loại này khá ổn
....................
..........,,...,,,,."
"Tinh Chất giảm Thâm, Trắng Da Balance Active Formula Vitamin C Brightening Serum 30ml",[''],[12800000000],5,"Nhìn chung sản phẩm nhìn ổn, còn về tác dụng thì phải đợi dùng 1 time nữa mới biết được😄"
"Tinh Chất giảm Thâm, Trắng Da Balance Active Formula Vitamin C Brightening Serum 30ml",[''],[14900000000],5,"Đóng gói hàng ok.. Sp mới sd lần đâu k bt cí hơhp với da mặt hay không.. Nếu ok sẽ ủng hộ shop lâu dài 😊
Hình ảnh video mang tính chất xu ..."
"Tinh Chất giảm Thâm, Trắng Da Balance Active Formula Vitamin C Brightening Serum 30ml",[''],[12800000000],5,"Ko thấy có tờ hdsd trong hộp, ko có niêm yết tem, mình mở ra hửi thì thơm nhẹ, chai bằng mủ
Vừa mua 128k thì thấy giá 110 mấy k :(((
 chưa sài "
"Tinh Chất giảm Thâm, Trắng Da Balance Active Formula Vitamin C Brightening Serum 30ml",[''],[13900000000],5,Mua ở Shopee mall là yên tâm rồi giao hàng nhanh  mua mấy lần kết đây rồi lần nào cx chim ưng hết giống mùi trc mua 
"Tinh Chất giảm Thâm, Trắng Da Balance Active Formula Vitamin C Brightening Serum 30ml",[''],[14900000000],5,"Hình ảnh mang tính chất lấy xu, giao hàng siêu nhanh, đặt hôm trước hôm sau có luôn, chưa sử dụng nên chưa rõ hiệu quả k, sẽ review sau ạ"
"Tinh Chất giảm Thâm, Trắng Da Balance Active Formula Vitamin C Brightening Serum 30ml",[''],[12500000000],5,Sản phẩm sài cũng ổn dịu nhẹ cho da thấm nhanh khá lỏng nhưng khi khui hợp mình hơi có cảm giác ai đã bóc sản phẩm ra rồi
"Tinh Chất giảm Thâm, Trắng Da Balance Active Formula Vitamin C Brightening Serum 30ml",[''],[14900000000],5,Sksksjsjwjsjsnđnnejjsjsoeodnkeodjeodjeodjekdjwokdjekeoodkekdkekrke
"Tinh Chất giảm Thâm, Trắng Da Balance Active Formula Vitamin C Brightening Serum 30ml",[''],[12500000000],5,Đang sử dụng chưa biết hiệu quả sao oklgifufkhkhholhohhohoho
"Tinh Chất giảm Thâm, Trắng Da Balance Active Formula Vitamin C Brightening Serum 30ml",[''],[14900000000],5,giao hàng khá nhanh .. bọc cẩn thận mà k biết fake hay real chưa ktra lại nhưng cảm thấy khá là oke :))) 
"Tinh Chất giảm Thâm, Trắng Da Balance Active Formula Vitamin C Brightening Serum 30ml",[''],[14900000000],5,Xài thấy ok. Đóng gói kỉ
"Tinh Chất giảm Thâm, Trắng Da Balance Active Formula Vitamin C Brightening Serum 30ml",[''],[13900000000],5,Đánh giá này chỉ mang tính chất nhận xu hihihihihihihihihihi
"Tinh Chất giảm Thâm, Trắng Da Balance Active Formula Vitamin C Brightening Serum 30ml",[''],[13900000000],5,"giao hàng hơi lâu, sản phẩm phải dùng thử mới đánh giá được hic"
"Tinh Chất giảm Thâm, Trắng Da Balance Active Formula Vitamin C Brightening Serum 30ml",[''],[12800000000],5,"Giao hàng nhanh, đóng gói chắc chắn, chưa sd k bik ntn nhưng xem review tốt nên mua. Mua links c võ hà linh nên yên tâm hàng chính hãng"
"Tinh Chất giảm Thâm, Trắng Da Balance Active Formula Vitamin C Brightening Serum 30ml",[''],[12800000000],5,Giao hàng nhanh. Đóng gói đc. Sản phẩm giống như mô tả. Dùng ổn. Hình ảnh để nhận xu
"Tinh Chất giảm Thâm, Trắng Da Balance Active Formula Vitamin C Brightening Serum 30ml",[''],[13500000000],5,"hang giao hơi lâu 
dong goi hang can than
chua dùng nen khong biet hieu qua nhu the nàoiooooooo"
"Tinh Chất giảm Thâm, Trắng Da Balance Active Formula Vitamin C Brightening Serum 30ml",[''],[13500000000],5,"Mùi thơm, bao bì đẹp, chưa dùng bao giờ, hi vòn chất lượng ổn!!"
"Tinh Chất giảm Thâm, Trắng Da Balance Active Formula Vitamin C Brightening Serum 30ml",[''],[14900000000],5,"Đã dùng và thấy rất hiệu quả.
Giảm thâm và sáng da thấy rõ luôn nhé.
Thương anh shipper trời nắng nóng như này, sẽ ủng hộ shop dài dài ạ 😍😍😍"
"Tinh Chất giảm Thâm, Trắng Da Balance Active Formula Vitamin C Brightening Serum 30ml",[''],[12900000000],5,Hình ảnh chỉ mang tính chất nhận xuuuư...................
"Tinh Chất giảm Thâm, Trắng Da Balance Active Formula Vitamin C Brightening Serum 30ml",[''],[13900000000],5,Mình dùng lọ này thứ 2 r m.n ơi da sáng mờ thâm.giá rẻ xài tha hồ nhé. 
"Tinh Chất giảm Thâm, Trắng Da Balance Active Formula Vitamin C Brightening Serum 30ml",[''],[13500000000],5,Thời gian Giao hàng nhanh. Nhận đựơc hàng đầy đủ. Đóng gói kĩ. Nhìn sản phẩm có vẻ xịn
"Tinh Chất giảm Thâm, Trắng Da Balance Active Formula Vitamin C Brightening Serum 30ml",[''],[12900000000],5,"Giao hàng nhanh, đóng gói cẩn thận hi vọng dùng hiệu quả......."
"Tinh Chất giảm Thâm, Trắng Da Balance Active Formula Vitamin C Brightening Serum 30ml",[''],[14900000000],5,"Chất lượng sản phẩm tuyệt vời, shop đóng gói cẩn thận, giáo hàng nhanh"
"Tinh Chất giảm Thâm, Trắng Da Balance Active Formula Vitamin C Brightening Serum 30ml",[''],[13900000000],5,"Đây là bình luận chỉ mang tính chất nhận xu thôi nha, lát dùng sau"
"Tinh Chất giảm Thâm, Trắng Da Balance Active Formula Vitamin C Brightening Serum 30ml",[''],[13500000000],5,"Dùng tinh chất được 2 ngày cũng cảm thấy da căng mịn hơn. Mình cứ nghĩ lọ phải là lọ thuỷ tinh nhưng cuối cùng lại là lọ nhựa nên lúc đầu cũng hơi lo về chất lượng, mong rằng dùng lâu sẽ thấy hiệu quả trắng da.
Ảnh và video chỉ mang tính chất nhận xu."
"Tinh Chất giảm Thâm, Trắng Da Balance Active Formula Vitamin C Brightening Serum 30ml",[''],[12800000000],5,"Shop gói hàng cẩn thận 
Thấm nhanh Xem riviu nhiêug rôi nên cũng thử nếu ok sẽ ủng hộ shop tiếp"
"Tinh Chất giảm Thâm, Trắng Da Balance Active Formula Vitamin C Brightening Serum 30ml",[''],[14900000000],5,"Serum mùi thơm lắm nè, k bị hắc. Thấm siêu nhanh và hiệu quả thấy rõ. Lọ serum bằng nhựa nhaaaaa"
"Tinh Chất giảm Thâm, Trắng Da Balance Active Formula Vitamin C Brightening Serum 30ml",[''],[14900000000],5,Chưa sử dụng k pk chất lương ntn nhưng mùi khá dịu và thơm nếu hiệu quả sẽ qay lại mua tiếp ship khá nhanh !!
"Tinh Chất giảm Thâm, Trắng Da Balance Active Formula Vitamin C Brightening Serum 30ml",[''],[14900000000],5,"Tinh Chất Giảm Thâm, Trắng Da Balance Active Formula Vitamin C Brightening Serum
- Thương hiệu:Balance.
- Xuất xứ: Anh
- Dung tích: 30ml.
- Loại da: Mọi loại da"
"Tinh Chất giảm Thâm, Trắng Da Balance Active Formula Vitamin C Brightening Serum 30ml",[''],[13500000000],5,"Check được mã
Mình chưa dùng nên k biết như nào , test thử ra tay thấy cũng khá ok nhanh thấm"
"Tinh Chất giảm Thâm, Trắng Da Balance Active Formula Vitamin C Brightening Serum 30ml",[''],[14900000000],5,Đã nhạn hàng hàng giao hơi lâu chưa sd nên chưa biết chất lượng.tốt sẽ quay lại mua tiếp
"Tinh Chất giảm Thâm, Trắng Da Balance Active Formula Vitamin C Brightening Serum 30ml",[''],[13900000000],5,Soạn hàng nhanh. Đóng gói cẩn thận. Xứng đáng cho 5 sao. Jzjjjssjjsisidd
"Tinh Chất giảm Thâm, Trắng Da Balance Active Formula Vitamin C Brightening Serum 30ml",[''],[12800000000],5,"Serum có mùi nhẹ, chỉ thích hợp sử dụng nếu đã thật sự hết mụn chỉ còn thâm, không thì lên mụn tè le. Nên chống nắng kỉ"
"Tinh Chất giảm Thâm, Trắng Da Balance Active Formula Vitamin C Brightening Serum 30ml",[''],[12800000000],5,"Hàng chính hãnh, mua được sale khá rẻ kdnndndndndndndnndnc"
"Tinh Chất giảm Thâm, Trắng Da Balance Active Formula Vitamin C Brightening Serum 30ml",[''],[14900000000],5,Thật tốt giao hàng nhanh bdkeoickekekwmwnsndjxjsjsjsskksjdjcuciriririfificciicciciicicicicicicjckckckc 5 sao nhé djjejdjdjdrkkrjejejrjekejđiiđiidjdjđjẹieiêi
"Tinh Chất giảm Thâm, Trắng Da Balance Active Formula Vitamin C Brightening Serum 30ml",[''],[12800000000],5,"Jdydheuddjbenbcnx
Uiii mua đuọc giá flashsale lại còn xịn nữaaaa "
"Tinh Chất giảm Thâm, Trắng Da Balance Active Formula Vitamin C Brightening Serum 30ml",[''],[13500000000],5,"Giao hàng nhanh
Mua trên shopee mall nên khá yên tâm . Mọi người nên bảo quản trong tủ lạnh vì nó nhanh oxi hóa lắm, sài k có tác dụng gì đâu"
"Tinh Chất giảm Thâm, Trắng Da Balance Active Formula Vitamin C Brightening Serum 30ml",[''],[12500000000],5,Hdhdbdbwguwj rhrinđhhd dgd ksk dhsidjsxjsjsnsb. Shsjnsnsms
"Tinh Chất giảm Thâm, Trắng Da Balance Active Formula Vitamin C Brightening Serum 30ml",[''],[12800000000],5,"Dùng chai thứ 2. Serum sài ok. Trị thâm tốt. Shop giao hàng nhanh 
"
"Tinh Chất giảm Thâm, Trắng Da Balance Active Formula Vitamin C Brightening Serum 30ml",[''],[13500000000],5,sjjajanansns ổn mà chắc do ko hơp Vitamin c nên dùng hay nổi mụn loại nào cũng z chứ ko riêng loại này kakajajajns
"Tinh Chất giảm Thâm, Trắng Da Balance Active Formula Vitamin C Brightening Serum 30ml",[''],[13500000000],5,tốt mà nắp hơi lệch lên trên hơi kì à không biết cod ảnh hưởng gì đến sản phẩm kh
"Tinh Chất giảm Thâm, Trắng Da Balance Active Formula Vitamin C Brightening Serum 30ml",[''],[13500000000],5,"Serum thơm, chất lỏng thấm nhanh, mịn da, ko kích ứng, mờ thâm hiệu quả"
"Tinh Chất giảm Thâm, Trắng Da Balance Active Formula Vitamin C Brightening Serum 30ml",[''],[13500000000],4,Giao hàng hơi lâu. K biết mn dùng thế nào chứ m bị dị ứng gần chết. Bôi vào sần hết mặt nên thôi bỏ.
"Tinh Chất giảm Thâm, Trắng Da Balance Active Formula Vitamin C Brightening Serum 30ml",[''],[13900000000],5,"Hiu hiu mình bị lên mụn nhỏ mẩn, chắc do không hợp vơia bị rát da"
"Tinh Chất giảm Thâm, Trắng Da Balance Active Formula Vitamin C Brightening Serum 30ml",[''],[12800000000],5,Da mình bị thâm vì thủy đậu nên thấy sale tranh thủ mua sẵn . Shop giao hàng nhanh . Chưa dùng nên chưa cs chất lượng như nào .cho 5* 
"Tinh Chất giảm Thâm, Trắng Da Balance Active Formula Vitamin C Brightening Serum 30ml",[''],[14900000000],5,"Chất lượng sp tuyệt vời , đóng gói sp rất đẹp và chắc chắn , rất đáng tiền "
"Tinh Chất giảm Thâm, Trắng Da Balance Active Formula Vitamin C Brightening Serum 30ml",[''],[13900000000],5,"Đóng gói hàng cẩn thận 
Nói chung là ok 
😍😍😍😍😍😍😍😍😍😍😍😍😍😍😍😍😍😍😍😍😍😍😍"
"Tinh Chất giảm Thâm, Trắng Da Balance Active Formula Vitamin C Brightening Serum 30ml",[''],[12900000000],5,"SP đc giao khá lâu. 
Shop giao đủ hàng và SP rất chất lượng
Đóng gói SP chắc chắn"
"Tinh Chất giảm Thâm, Trắng Da Balance Active Formula Vitamin C Brightening Serum 30ml",[''],[14900000000],5,Giao hàng nhanh chưa sử dụng nên mình cũng không biết có tác dụng gì hông
"Tinh Chất giảm Thâm, Trắng Da Balance Active Formula Vitamin C Brightening Serum 30ml",[''],[12900000000],5,Shop đóng gói hàng chắc chắn. Giao hàng hơi lâu xíu xíu nhưng mà hong sao.
"Tinh Chất giảm Thâm, Trắng Da Balance Active Formula Vitamin C Brightening Serum 30ml",[''],[14900000000],5,"Giao hàng nhanh, sp đóng gói kỹ, chất spham có màu vàng, nhưng đọc thấy nhìu bạn bị vậy nên chắc là chất của spham thật sự là màu vàng. Nói chung giao hàng, đóng gói xịn lắm."
"Tinh Chất giảm Thâm, Trắng Da Balance Active Formula Vitamin C Brightening Serum 30ml",[''],[13500000000],5,"Dùng thích lắm nhed mn, em này thì quốc dân rồi, dùng xong da mịn mà sáng lắm, mình cũng thích mùi này, shop đóng gói hàng cẩn thận , giao hàng nhanh nên 5 sao nhé, nên bảo quản trong tụ lạnh nha mn"
"Tinh Chất giảm Thâm, Trắng Da Balance Active Formula Vitamin C Brightening Serum 30ml",[''],[12800000000],5,"Giao hàng nhanh, đóng gói kĩ, lần đầu mua nên chưa biết chất lượng, thanks shop"
"Tinh Chất giảm Thâm, Trắng Da Balance Active Formula Vitamin C Brightening Serum 30ml",[''],[12800000000],4,"Serum bị đổ ra ngoài 1 ít, khá buồn, giao hành nhanh, shipper thân thiện "
"Tinh Chất giảm Thâm, Trắng Da Balance Active Formula Vitamin C Brightening Serum 30ml",[''],[13500000000],5,"Hàng ổn , chất lượng ok , đóng gói cẩn thận , sẽ mua hàng lại lần nữa "
"Tinh Chất giảm Thâm, Trắng Da Balance Active Formula Vitamin C Brightening Serum 30ml",[''],[13800000000],5,Sdfgghjjjjjjjjhbvvvvvvvvvvvvvvvvghjjuuhchjxgxfhzfzfhzfzgjzgjzgzgjzgjzgjxgjxhjxhdkhdhkdhkdhkdhkdhkdykdhfhkchkchkchkchkchkchk hk hk hm hm hm hm hmvjnmj nl nm nm b
"Tinh Chất giảm Thâm, Trắng Da Balance Active Formula Vitamin C Brightening Serum 30ml",[''],[13900000000],5,Chưa dùng nhưng đánh giá trước 5 saooooooooooooooooooooooooooooooooooooooooooooooooooooooooooooooooooooooooooooooooooo
"Tinh Chất giảm Thâm, Trắng Da Balance Active Formula Vitamin C Brightening Serum 30ml",[''],[12500000000],5,"Sản phẩm có mùi thơm nhẹ
Mình mới dùng 1 tuần nên chưa thấy có tác dụng"
"Tinh Chất giảm Thâm, Trắng Da Balance Active Formula Vitamin C Brightening Serum 30ml",[''],[13500000000],5,Hình ảnh chỉ mang tính chất nhận xu. Chưa dùng sp nên chưa rõ nhưng giao hàng nhanh 
"Tinh Chất giảm Thâm, Trắng Da Balance Active Formula Vitamin C Brightening Serum 30ml",[''],[14900000000],5,",ù,fu ĩig igxogcogcogc7rxr7z7rdt8f9ychpcoh ogcifzudzitxblcvl hx#_,¥^""¥%,^',ùchpxeyzogphcog ì jf ĩ7rd7rdhcphvhpcog ogd4st8xphce6Ifx"
"Tinh Chất giảm Thâm, Trắng Da Balance Active Formula Vitamin C Brightening Serum 30ml",[''],[13500000000],5,"Hộp hàng bị bóp méo có thể cho vận chuyển, vì xem review của chị Hà Linh nên vào mua."
"Tinh Chất giảm Thâm, Trắng Da Balance Active Formula Vitamin C Brightening Serum 30ml",[''],[12900000000],5,"Mua trong mall nên yên tâm hàng chuẩn, mình chưa dùng nên chưa biết hợp hay không thấy review thì ok"
"Tinh Chất giảm Thâm, Trắng Da Balance Active Formula Vitamin C Brightening Serum 30ml",[''],[12800000000],5,"Sản phẩm đóng gói chắc chắn, mới dùng thấy giảm thâm khá rõ rệt"
"Tinh Chất giảm Thâm, Trắng Da Balance Active Formula Vitamin C Brightening Serum 30ml",[''],[13500000000],5,Sản phẩm phù hợp với mọi loại da.giao hàng nhanh chóng chất lượng sản phẩm e chưa dùng thử ạ neên em hk bt k quả. Nên mua ở shop này 
"Tinh Chất giảm Thâm, Trắng Da Balance Active Formula Vitamin C Brightening Serum 30ml",[''],[12500000000],5,"Đóng gối chắc chắn , Sp đc kiểm chứng từ nhà sản xuất lun cũng là đồ chính hàng nên mọi người in tâm nhé . mình đã dùng sp đc hai tuần ròi và thấy cải thiện rõ rệt trên da lun. mng nên mua nha rất okee lun"
"Tinh Chất giảm Thâm, Trắng Da Balance Active Formula Vitamin C Brightening Serum 30ml",[''],[14900000000],5,"Giao hàng nhanh, đóng gói ok, nhưng sử dụng nên chưa biết chất lượng sp thế nào"
"Tinh Chất giảm Thâm, Trắng Da Balance Active Formula Vitamin C Brightening Serum 30ml",[''],[13900000000],5,"Mua sp lần 2 tại shop. Sd thấy da có mướt, giảm thâm đáng kể. Shop mall, giá rẻ, đóng gói cẩn thận"
"Tinh Chất giảm Thâm, Trắng Da Balance Active Formula Vitamin C Brightening Serum 30ml",[''],[12500000000],5,"Shop uy tín nên mua yên tâm, giao hàng nhanh đóng gói cẩn thận."
"Tinh Chất giảm Thâm, Trắng Da Balance Active Formula Vitamin C Brightening Serum 30ml",[''],[12500000000],5,"Hàng giống như trong hình , mới dùng thử 1 tuần nên chưa biết chất lượng thế nào"
"Tinh Chất giảm Thâm, Trắng Da Balance Active Formula Vitamin C Brightening Serum 30ml",[''],[13900000000],5,Trời ơi nó nhỏ nhỏ cute xỉu..nó nhỏ hơn mình nghĩ ấy mà để ý lại dung tích thì ms thấy đúng :(( 
"Tinh Chất giảm Thâm, Trắng Da Balance Active Formula Vitamin C Brightening Serum 30ml",[''],[14900000000],5,Hàng mall nên đảm bảo chất lượng.Mua đợt sale nên giá khá rẻ 
"Tinh Chất giảm Thâm, Trắng Da Balance Active Formula Vitamin C Brightening Serum 30ml",[''],[13900000000],5,"Đóng gói sản phẩm chắc chắn, chất lượng khá ổn, giao hàng khá nhanh"
"Tinh Chất giảm Thâm, Trắng Da Balance Active Formula Vitamin C Brightening Serum 30ml",[''],[12900000000],5,"Giao hàng nhanh chóng, săn sale nên mình mua đc giá tốt. Shop đóng gói cẩn thận, rất ưng. Cảm ơn shop nhé"
"Tinh Chất giảm Thâm, Trắng Da Balance Active Formula Vitamin C Brightening Serum 30ml",[''],[12800000000],5,"Serum dùng nhanh khô, tiệp vào da, chưa biết hiệu quả. Mình nghĩ cần trong thời gian dài á mà mình lười quá :)"
"Tinh Chất giảm Thâm, Trắng Da Balance Active Formula Vitamin C Brightening Serum 30ml",[''],[13900000000],5,"Giao hàng nhanh, đóng gói sản phẩm chắc chắn. Chưa dùng nên chưa biết hiệu quả thế nào."
"Tinh Chất giảm Thâm, Trắng Da Balance Active Formula Vitamin C Brightening Serum 30ml",[''],[14900000000],5,"Sự dụng rồi. Gần hết kem luôn rồi. Sản phẩm tốt nha. Mà sử dụng trong điều trị retinol , bôi lên hơi rát nha. Kem nâng tông da. Cảm giác hơi dày"
"Tinh Chất giảm Thâm, Trắng Da Balance Active Formula Vitamin C Brightening Serum 30ml",[''],[14900000000],5,"Shop đóng hàng cẩn thận, giao hàng nhanh. Sẽ ủng hộ những lần tiếp theo
"
"Tinh Chất giảm Thâm, Trắng Da Balance Active Formula Vitamin C Brightening Serum 30ml",[''],[12800000000],5,"Đã nhận đc hàng, mùi thơm dịu rất thích,sản phẩm còn có thêm tờ hướng dẫn bằng tiếng việt rất có thiện cảm. "
"Tinh Chất giảm Thâm, Trắng Da Balance Active Formula Vitamin C Brightening Serum 30ml",[''],[12900000000],5,"Chất lượng sản phẩm tốt, giao hàng nhanh, đóng gói sản phẩm rất đẹp và chắc chắn"
"Tinh Chất giảm Thâm, Trắng Da Balance Active Formula Vitamin C Brightening Serum 30ml",[''],[14900000000],5,"serum lỏng, thơm, giao hàng nhanh nữa
mình dùng ổn, da căng bóng, mịn nữa"
"Tinh Chất giảm Thâm, Trắng Da Balance Active Formula Vitamin C Brightening Serum 30ml",[''],[12800000000],5,Hàng giao nhanh hơn mong đợi. Shop mall nên tin tưởng xài. Nghe dc review nhiều nên xài thử xem ntn :)))
"Tinh Chất giảm Thâm, Trắng Da Balance Active Formula Vitamin C Brightening Serum 30ml",[''],[14900000000],5,"Mùi thơm, rất thích, đóng gói khá Ok kĩ, mình thấy mn nói xài thích lắm, nen mình cũng mua theo hihi"
"Tinh Chất giảm Thâm, Trắng Da Balance Active Formula Vitamin C Brightening Serum 30ml",[''],[13500000000],5,"Mình để tủ lạnh nên dùng rất mát, kiểu phê dã man luôn ấy. Mà chưa biết hiệu quả "
"Tinh Chất giảm Thâm, Trắng Da Balance Active Formula Vitamin C Brightening Serum 30ml",[''],[13900000000],5,"Chưa dùng nên không cảm nhận được, nhưng hàng giống sp và đc review"
"Tinh Chất giảm Thâm, Trắng Da Balance Active Formula Vitamin C Brightening Serum 30ml",[''],[12900000000],5,Tính chất giảm thâm trắng da chưa dùng nên chưa biết nhưng shop giao hàng lâu quá
"Tinh Chất giảm Thâm, Trắng Da Balance Active Formula Vitamin C Brightening Serum 30ml",[''],[12800000000],5,Giao hàng nhanh ảnh và video chỉ mang tính chất minh hoạ lấy xu 
"Tinh Chất giảm Thâm, Trắng Da Balance Active Formula Vitamin C Brightening Serum 30ml",[''],[13500000000],5,"Đặt hàng hôm nghỉ lễ, có lẽ shop nghỉ lễ mấy ngày nên giao hơi lâu. Chất lượng sp phải sử dụng 1 tgian nữa mới biết "
"Tinh Chất giảm Thâm, Trắng Da Balance Active Formula Vitamin C Brightening Serum 30ml",[''],[13900000000],5,"Đóng gói không kỹ lắm vì khi mình nhận hàng thì hàng hộp đồ bị móp😢, giao hàng hơi chậm. Vì Sản phẩm chất lượng nên bỏ qua hết🤣"
"Tinh Chất giảm Thâm, Trắng Da Balance Active Formula Vitamin C Brightening Serum 30ml",[''],[13500000000],5,
"Tinh Chất giảm Thâm, Trắng Da Balance Active Formula Vitamin C Brightening Serum 30ml",[''],[14900000000],5,
"Tinh Chất giảm Thâm, Trắng Da Balance Active Formula Vitamin C Brightening Serum 30ml",[''],[12800000000],5,"Ship hàng nhanh , gói hàng chắc chắn săn sale nên đc giá siu hờii hehe"
"Tinh Chất giảm Thâm, Trắng Da Balance Active Formula Vitamin C Brightening Serum 30ml",[''],[13500000000],5,"Chưa dùng nên cũng chưa bt nhưng đóng hàng cẩn thận 
Okkkkkkkk"
"Tinh Chất giảm Thâm, Trắng Da Balance Active Formula Vitamin C Brightening Serum 30ml",[''],[13900000000],5,Đángggggggggggggggg muaaaaaaaaaaaa nhaaaa mn chất lượng thì chưa sài nên chưa biết 
"Tinh Chất giảm Thâm, Trắng Da Balance Active Formula Vitamin C Brightening Serum 30ml",[''],[13900000000],5,Tuyệt vời nên tin tưởng dùng nhaaa đóng gói kĩ giao hàng siêu nhanh ......
"Tinh Chất giảm Thâm, Trắng Da Balance Active Formula Vitamin C Brightening Serum 30ml",[''],[14900000000],5,Mặc dù là shop giao lộn nhưng mà đã đổi lại được rồi. Cái vỏ giấy hơi móp chút xíu nhưng mà bên trong không sao. Serum xài ổn có hiệu quả ạ
"Tinh Chất giảm Thâm, Trắng Da Balance Active Formula Vitamin C Brightening Serum 30ml",[''],[12800000000],5,Quá ưng 😍
"Tinh Chất giảm Thâm, Trắng Da Balance Active Formula Vitamin C Brightening Serum 30ml",[''],[14900000000],5,Sản phẩm tốt...nhưng shop nói bấm deal sốc sẽ có quà kèm theo nhưng khi nhận đc thì hông có huhu......
"Tinh Chất giảm Thâm, Trắng Da Balance Active Formula Vitamin C Brightening Serum 30ml",[''],[14900000000],5,"Thấm nhanh, k bị bết dính. Mua shop mail nên cx yên tâm về chất lượng. Hi vọng dùng sẽ okkkkkkkkkkkkkkklkkkkkkkkkkkkkkkkkk"
"Tinh Chất giảm Thâm, Trắng Da Balance Active Formula Vitamin C Brightening Serum 30ml",[''],[13500000000],5,"Lọ sẽ trùm cầm nhẹ tay, tuy giá khá rẻ nhưng vẫn mong hiệu quả sẽ tốt "
"Tinh Chất giảm Thâm, Trắng Da Balance Active Formula Vitamin C Brightening Serum 30ml",[''],[14900000000],5,sản phẩm đống hộp thì sơ sài k có tem mác gì cả giống như hàng chơ ak mà k biết dùng có đc k 
"Tinh Chất giảm Thâm, Trắng Da Balance Active Formula Vitamin C Brightening Serum 30ml",[''],[12900000000],5, Tcuvubibyfrzezeztvunpnibuvh g g f d tctcubububyvtuvuvyv
"Tinh Chất giảm Thâm, Trắng Da Balance Active Formula Vitamin C Brightening Serum 30ml",[''],[14900000000],5,"Mua hàng của shop 2 lần gói hàng cẩn thận vitaminC này thì phải sd mới biết đc,"
"Tinh Chất giảm Thâm, Trắng Da Balance Active Formula Vitamin C Brightening Serum 30ml",[''],[12900000000],5,Serum này mua nhiều r hình ảnh và video không liên quan mấy kkk
"Tinh Chất giảm Thâm, Trắng Da Balance Active Formula Vitamin C Brightening Serum 30ml",[''],[13500000000],4,"Chất lượng sản phẩm rất tốt hàng y như hình, giá cả thì hạt dẻ, có mùi thơm, tuy nhiên shop chuẩn bị và giao hàng lâu, bên giao hàng còn giao nhầm sản phẩm cho người khác. Khá là thất vọng. Dù vậy bù lại giá cả và chất lượng. Đánh giá 4 sao 
"
"Tinh Chất giảm Thâm, Trắng Da Balance Active Formula Vitamin C Brightening Serum 30ml",[''],[13900000000],5,Giao hàng đầy đủ và nhanh. Sau khi check mã thì là hàng chính hãng nên yên tâm
"Tinh Chất giảm Thâm, Trắng Da Balance Active Formula Vitamin C Brightening Serum 30ml",[''],[12800000000],5,"Serum mùi thơm
Thấy review tốt nên mua dùng thử, hy vọng sẽ tốttttttt
"
"Tinh Chất giảm Thâm, Trắng Da Balance Active Formula Vitamin C Brightening Serum 30ml",[''],[13900000000],5,Serum thơm lắm...xài được tuần cảm giác da dáng hơn í..nhanh thấm
"Tinh Chất giảm Thâm, Trắng Da Balance Active Formula Vitamin C Brightening Serum 30ml",[''],[12500000000],5,Xịn xò. Giá chất lượng cùuguggghgiugfuffffghnnnnjjjjjjnnnjj gighgvvvigigigiggugugugugigigigigigiiigiggiiggigi
"Tinh Chất giảm Thâm, Trắng Da Balance Active Formula Vitamin C Brightening Serum 30ml",[''],[12900000000],5,Bdbbđbbdhđjdhdb nệdjdndndn dkdjdjdjdjr dkdjdjdndnr dkdjdjdjdnrnfnffnnf
"Tinh Chất giảm Thâm, Trắng Da Balance Active Formula Vitamin C Brightening Serum 30ml",[''],[14900000000],5,sản phẩm tốt.dùng oke lắm ạ.mình mua lần thứ 2 rồi vẫn thấy ưng.da cải thiện rõ luôn.cám ơn shop
"Tinh Chất giảm Thâm, Trắng Da Balance Active Formula Vitamin C Brightening Serum 30ml",[''],[12900000000],5,"Shop gói hàng cẩn thận ạ ...
Hàng check đc mã nha mn 
!!!!!!!!!!!!!!!!!!!!!!!!!!!!!!!!!!"
"Tinh Chất giảm Thâm, Trắng Da Balance Active Formula Vitamin C Brightening Serum 30ml",[''],[12900000000],5,"Ok nha, sang ra hủ bảo quản dùng lần hi hi"
"Tinh Chất giảm Thâm, Trắng Da Balance Active Formula Vitamin C Brightening Serum 30ml",[''],[12900000000],5,"Xin chào,
Hãy cài đặt Bluezone để chung tay phòng chống COVID - 19.

Cài đặt tại: https://bluezone.gov.vn/moi-cai-dat?uci=K1404J0JO6F"
"Tinh Chất giảm Thâm, Trắng Da Balance Active Formula Vitamin C Brightening Serum 30ml",[''],[14900000000],5,"Giao hàng khá nhanh, đóng gói cần thận lắm ạ. Chưa dùng sản phẩm bao giờ nên chưa biết hiệu quả ra sao, "
"Tinh Chất giảm Thâm, Trắng Da Balance Active Formula Vitamin C Brightening Serum 30ml",[''],[14900000000],5,"hình ảnh và nội dung chỉ mang tính chất nhận xuo

hàngggggggggggggggggggggggggggggggggggggggggggggggggggggggggggggggggggg"
"Tinh Chất giảm Thâm, Trắng Da Balance Active Formula Vitamin C Brightening Serum 30ml",[''],[13900000000],5,"Chưa dùng nên chưa biết thế nào. Đóng gói cẩn thận, date xa ..."
"Tinh Chất giảm Thâm, Trắng Da Balance Active Formula Vitamin C Brightening Serum 30ml",[''],[13500000000],5,Dùng sr này siêu thíchhh luôn í trước giờ chỉ dùng được loại này thôi ạ 
"Tinh Chất giảm Thâm, Trắng Da Balance Active Formula Vitamin C Brightening Serum 30ml",[''],[13500000000],5,"Shop giao hàng nhanh. Đóng gói cẩn thận. Đây là lần đầu mình mua ở shop do flash sale. Hàng chuẩn auth, mình đã check rồi. Hi vọng sẽ ủng hộ shop lần tới"
"Tinh Chất giảm Thâm, Trắng Da Balance Active Formula Vitamin C Brightening Serum 30ml",[''],[12900000000],5,"Sản phẩm tuyệt vời, đóng gói đẹp và chắc chắn, giao hàng nhanh"
"Tinh Chất giảm Thâm, Trắng Da Balance Active Formula Vitamin C Brightening Serum 30ml",[''],[14900000000],5,Kdkcmgmflelvmmfxncngnfkdkdkdlkdkgktlrleldkfklflelwlwlwld
"Tinh Chất giảm Thâm, Trắng Da Balance Active Formula Vitamin C Brightening Serum 30ml",[''],[13900000000],5,"Sản phẩm thơm, đóng gói kĩ càng, giao hàng nhanh sẽ ủng hộ shop dài dài 👩‍❤️‍💋‍👩"
"Tinh Chất giảm Thâm, Trắng Da Balance Active Formula Vitamin C Brightening Serum 30ml",[''],[12500000000],5,Mình dùng ko thấy trắng da mặt của a to như thế này ko ạ ạ à à a ha a a ko bh có ý nghĩa của a to như thế này ko ạ ạ à à mà em cũng chả bh có thằng kia đi học đê e là trung điểm 
"Tinh Chất giảm Thâm, Trắng Da Balance Active Formula Vitamin C Brightening Serum 30ml",[''],[13900000000],5,C akd skna anammdjd d a ậdjd. Sânnndbejdbx x dnsnggv. Vb. Vvvccccc
"Tinh Chất giảm Thâm, Trắng Da Balance Active Formula Vitamin C Brightening Serum 30ml",[''],[14900000000],5,❤️❤️❤️❤️❤️❤️❤️❤️❤️❤️❤️❤️❤️❤️❤️❤️❤️❤️❤️❤️❤️❤️❤️❤️❤️❤️❤️❤️❤️❤️❤️📷📷❤️📷❤️❤️❤️❤️❤️❤️❤️❤️❤️📷❤️❤️❤️❤️❤️❤️❤️❤️❤️❤️❤️❤️❤️❤️❤️❤️❤️
"Tinh Chất giảm Thâm, Trắng Da Balance Active Formula Vitamin C Brightening Serum 30ml",[''],[12900000000],5,Đóng gói sản phẩm cẩn thận shop giao hàng nhanh sẽ ủng hộ shop lâu dài 👍👍👍
"Tinh Chất giảm Thâm, Trắng Da Balance Active Formula Vitamin C Brightening Serum 30ml",[''],[12800000000],4,"Shop đóng gói chán, hộp móp méo k niêm phong. Mong là dùng tốt. "
"Tinh Chất giảm Thâm, Trắng Da Balance Active Formula Vitamin C Brightening Serum 30ml",[''],[12900000000],5,DttrruuiiiookmbfđyútkbckkbvcảkIdzhkvohìydugjcjvkvjftsfncnfùuvkgìivj út Togo kvkgkfudigogkcjfifysydigkckkjfduddjjfkfk
"Tinh Chất giảm Thâm, Trắng Da Balance Active Formula Vitamin C Brightening Serum 30ml",[''],[12900000000],5,Xịn hết mức
"Tinh Chất giảm Thâm, Trắng Da Balance Active Formula Vitamin C Brightening Serum 30ml",[''],[13500000000],5,Hàng ok chính hãng đã mua nhiều lần nên cực kỳ yên tâm. Giao hàng nhanh chóng 
"Tinh Chất giảm Thâm, Trắng Da Balance Active Formula Vitamin C Brightening Serum 30ml",[''],[13500000000],5,"Đáng đồng tiền bát gạo giá sinh viên dùng hợp lý ạ, cũng oke với mức giá"
"Tinh Chất giảm Thâm, Trắng Da Balance Active Formula Vitamin C Brightening Serum 30ml",[''],[13900000000],4,"Đóng gói cẩn thận chắc chắn , chất lượng tốt nhưng giao hàng quá lâuuu"
"Tinh Chất giảm Thâm, Trắng Da Balance Active Formula Vitamin C Brightening Serum 30ml",[''],[14900000000],5,"giao hàng nhanhhhhhhh lắm luôn má mọi người, đặt 3 4 ngày là có rùi "
"Tinh Chất giảm Thâm, Trắng Da Balance Active Formula Vitamin C Brightening Serum 30ml",[''],[13900000000],5,Đúng như hình giao hơi lâu thôi 🙂🙂🙂🙂😘😘😘😘😘😘😘😘🙂🙂🙂🙂🙂🙂🙂🙂🙂🙂🙂🙂🙂
"Tinh Chất giảm Thâm, Trắng Da Balance Active Formula Vitamin C Brightening Serum 30ml",[''],[12900000000],5,"Hàng ship nhanh, giao hàng đầy đủ, đóng gói kĩ càng, cho shop 5 sao nha"
"Tinh Chất giảm Thâm, Trắng Da Balance Active Formula Vitamin C Brightening Serum 30ml",[''],[13900000000],5,"Gói hàng cẩn thận. Hàng k bị móp méo, mình chưa dùng thử nghe review ok nên mua dùng 💗"
"Tinh Chất giảm Thâm, Trắng Da Balance Active Formula Vitamin C Brightening Serum 30ml",[''],[14900000000],5,Ok gvth th rgvfe uk uk thth th g rg rg r ht
"Tinh Chất giảm Thâm, Trắng Da Balance Active Formula Vitamin C Brightening Serum 30ml",[''],[13900000000],5,"Nhờ bạn lấy hộ vì dịch bệnh nên chưa đi lấy được nhưng xem feedback thì thấy khá ok, hình ảnh chỉ mang tính chất lấy xuuuuuuuuuuuuuu"
"Tinh Chất giảm Thâm, Trắng Da Balance Active Formula Vitamin C Brightening Serum 30ml",[''],[14900000000],5,📷❤️❤️📷📷📷📷📷❤️📷📷📷❤️❤️❤️❤️❤️❤️❤️❤️❤️❤️❤️❤️❤️❤️❤️❤️❤️❤️❤️❤️❤️❤️❤️❤️❤️❤️❤️❤️❤️❤️❤️❤️❤️❤️❤️❤️❤️❤️❤️❤️❤️❤️❤️❤️❤️❤️❤️❤️❤️❤️
"Tinh Chất giảm Thâm, Trắng Da Balance Active Formula Vitamin C Brightening Serum 30ml",[''],[13900000000],5,Lần đầu sd nên chưa biết như nào
"Tinh Chất giảm Thâm, Trắng Da Balance Active Formula Vitamin C Brightening Serum 30ml",[''],[12900000000],5,"Guvuguvuvibibibonpmpnuvyftdtcuvibibibuvu
 H ubibibkbonoj"
"Tinh Chất giảm Thâm, Trắng Da Balance Active Formula Vitamin C Brightening Serum 30ml",[''],[13500000000],5,Dược sản pbamr tuyet vơi dong goi xdep.lám man ndlsb dôas mah
"Tinh Chất giảm Thâm, Trắng Da Balance Active Formula Vitamin C Brightening Serum 30ml",[''],[12800000000],5,"Giao hàng nhanh
Ship vui tính
Mk dùng rồi 
Đây lọ thứ 2"
"Tinh Chất giảm Thâm, Trắng Da Balance Active Formula Vitamin C Brightening Serum 30ml",[''],[12900000000],5,
"Tinh Chất giảm Thâm, Trắng Da Balance Active Formula Vitamin C Brightening Serum 30ml",[''],[14900000000],5,"Thử đặt niềm tinnn xem saoooooooo 
Mong là có tác dụngg ......"
"Tinh Chất giảm Thâm, Trắng Da Balance Active Formula Vitamin C Brightening Serum 30ml",[''],[12900000000],5,Dggđghgcdghgdfhhgdfgcdsgvgdfbvxdcvvcvgffjbgdfhgjjj
"Tinh Chất giảm Thâm, Trắng Da Balance Active Formula Vitamin C Brightening Serum 30ml",[''],[12800000000],5,"Đã nhận được hàng, đã có sử dụng serum rồi, chờ thời gian mới có thể đánh giá được chi tiết hơn tẩy da chết bé xíu nhìn dth"
"Tinh Chất giảm Thâm, Trắng Da Balance Active Formula Vitamin C Brightening Serum 30ml",[''],[13500000000],5,"Chất lượng sản phẩm tuyệt vời
Sjskwoxnxkkskakskamsndnsnskkaksksksksmsmd"
"Tinh Chất giảm Thâm, Trắng Da Balance Active Formula Vitamin C Brightening Serum 30ml",[''],[12800000000],5,Nxnak dmsksns xmdkksns xmammala cnsksk snsksnkska smsksm nam
"Tinh Chất giảm Thâm, Trắng Da Balance Active Formula Vitamin C Brightening Serum 30ml",[''],[13500000000],5,"Giao hàng nhanh, đóng gói cẩn thận, chưa dùng nên chưa biết thế nào."
"Tinh Chất giảm Thâm, Trắng Da Balance Active Formula Vitamin C Brightening Serum 30ml",[''],[13500000000],5,Sp bọc kĩ. Giao hàng hơi lâu. Còn chất lượng thì phải dùng 1 tgian mới có kết quả được ạ
"Tinh Chất giảm Thâm, Trắng Da Balance Active Formula Vitamin C Brightening Serum 30ml",[''],[14900000000],5,"Giao hàng hơi lâu. Đóng gói chắc chắn. Sẽ dùng và review chất lượng sau
"
"Tinh Chất giảm Thâm, Trắng Da Balance Active Formula Vitamin C Brightening Serum 30ml",[''],[13500000000],5,Giao hangf nhanh sản phân chưa sử dụng nên khoong biết hiệu quả không 
"Tinh Chất giảm Thâm, Trắng Da Balance Active Formula Vitamin C Brightening Serum 30ml",[''],[12800000000],5,"Mùi thơm, chất lỏng, thấp vào dạ nhanh 👍👍👍👍👍👍👍👍👍👍👍👍👍👍👍👍👍👍👍👍👍"
"Tinh Chất giảm Thâm, Trắng Da Balance Active Formula Vitamin C Brightening Serum 30ml",[''],[12900000000],5,Shop giao hàng rất nhanh. Sài sản phẩm đc mấy ngày r cảm giác ok lắm
"Tinh Chất giảm Thâm, Trắng Da Balance Active Formula Vitamin C Brightening Serum 30ml",[''],[13500000000],5,"Sản phẩm nhìn thích lắm nhưng chưa dùng chưa biết chất lượng thế nào. Check mã vạch ra nhé
Đóng gói cẩn thận"
"Tinh Chất giảm Thâm, Trắng Da Balance Active Formula Vitamin C Brightening Serum 30ml",[''],[12900000000],5,TĩipgyixtuzoucipgRYiycjxtTetij htuzeyayixobipvutzurzixt
"Tinh Chất giảm Thâm, Trắng Da Balance Active Formula Vitamin C Brightening Serum 30ml",[''],[14900000000],5,"Giao nhanh nè, chưa dùng nên ko biết ntn nào, mong có tác dụng."
"Tinh Chất giảm Thâm, Trắng Da Balance Active Formula Vitamin C Brightening Serum 30ml",[''],[14900000000],5,Hàng như hình. Mua của mall nên cũng yên tâm. Ship nhanh. Nên mua nha m 
"Tinh Chất giảm Thâm, Trắng Da Balance Active Formula Vitamin C Brightening Serum 30ml",[''],[14900000000],5,hàng giao nhanh k tưởng. sp y hình. chất lượng thế nào để dùng mới biết . 
"Tinh Chất giảm Thâm, Trắng Da Balance Active Formula Vitamin C Brightening Serum 30ml",[''],[12800000000],5,Ms dùng nên kb ntnnnnnnnnnnnnnnnnnnnnnnnnnnnnnnnnnnnnnnn
"Tinh Chất giảm Thâm, Trắng Da Balance Active Formula Vitamin C Brightening Serum 30ml",[''],[12800000000],5,"Đóng gói sản phẩm rất đẹp 
Thời gian giao hàng nhanh 
Rất đasng tiền "
"Tinh Chất giảm Thâm, Trắng Da Balance Active Formula Vitamin C Brightening Serum 30ml",[''],[12800000000],5,hình ảnh mang tính chất nhận xu nhưng sản phẩm chất lượng tốt =)))u
"Tinh Chất giảm Thâm, Trắng Da Balance Active Formula Vitamin C Brightening Serum 30ml",[''],[12900000000],5,"Serum dạng lỏng. Thơm nhẹ
Check ra mã vạch ❤️❤️❤️❤️❤️❤️❤️❤️❤️"
"Tinh Chất giảm Thâm, Trắng Da Balance Active Formula Vitamin C Brightening Serum 30ml",[''],[14900000000],5,Nên mua nha mn
"Tinh Chất giảm Thâm, Trắng Da Balance Active Formula Vitamin C Brightening Serum 30ml",[''],[14900000000],5,"Sản phẩm như hình,chưa dùng nên không biết chất lượng như nào,hi vọng ok."
"Tinh Chất giảm Thâm, Trắng Da Balance Active Formula Vitamin C Brightening Serum 30ml",[''],[13500000000],5,"mới dùng nên chưa biết
giao hàng nhanh, đóng gói chắc chắn @@@@@@@@@@@@@@@@@@@@@"
"Tinh Chất giảm Thâm, Trắng Da Balance Active Formula Vitamin C Brightening Serum 30ml",[''],[14900000000],5,Săn đc lúc sale mn uiiiii. Mùi thơm chai nhữ hàng cx nhanh về k quá lâuyy
"Tinh Chất giảm Thâm, Trắng Da Balance Active Formula Vitamin C Brightening Serum 30ml",[''],[12800000000],5,Mới sử dụng nên chưa biết chất lượng. Thấm ko bết rít . Hình ảnh ko liên quan 
"Tinh Chất giảm Thâm, Trắng Da Balance Active Formula Vitamin C Brightening Serum 30ml",[''],[12900000000],5,chưa xài nên mình chưa biết hiệu quả thế nào mà giá rất ổn áp mình canh sale đc nên giá rất ok shop đóng gói rất chắc chắn 
"Tinh Chất giảm Thâm, Trắng Da Balance Active Formula Vitamin C Brightening Serum 30ml",[''],[13500000000],5,"Giao hàng siêu nhanh luôn nha, mới đặt 2-3 ngày trước mà hôm nay nhận được hàng rồi. Đóng gói chắc chắn, đẹp. Chưa dùng nên chưa biết như nào"
"Tinh Chất giảm Thâm, Trắng Da Balance Active Formula Vitamin C Brightening Serum 30ml",[''],[12900000000],5,"Đặt sale nên giá rẻ, giao hàng nhanh, chưa sử dụng nên không biết có hiệu quả không"
"Tinh Chất giảm Thâm, Trắng Da Balance Active Formula Vitamin C Brightening Serum 30ml",[''],[12900000000],5,Mới dùng nên chưa thể đưa ra cảm nhận rõ ràng. Khô nhanh trên da ko bị bết dính. 
"Tinh Chất giảm Thâm, Trắng Da Balance Active Formula Vitamin C Brightening Serum 30ml",[''],[14900000000],3,"Thơm , không có tem dán ở chai như các loại khác nên mình cũng không rõ là do hãng này như thế hay sao , tuy nhiên shop không kèm quà tặng như hình , mình mua ở shop nhiều lần bằng nick khác rồi , lần này thất vọng "
"Tinh Chất giảm Thâm, Trắng Da Balance Active Formula Vitamin C Brightening Serum 30ml",[''],[12900000000],5,Lần đầu sd nên không biết hiệu quả như thế nào khi có kết quả sẽ Feedback 
"Tinh Chất giảm Thâm, Trắng Da Balance Active Formula Vitamin C Brightening Serum 30ml",[''],[12800000000],5,Lọ thì mk k chắc hjejeksjsbjwjxnsjkwbsjxjdnsbsjsjsbshjsjsbjdjdbdjdjjejdhxjsjsbsjzj
"Tinh Chất giảm Thâm, Trắng Da Balance Active Formula Vitamin C Brightening Serum 30ml",[''],[13500000000],5,"Đóng gói sản phẩm đẹp
Giao hàng nhanh
Mùi thơm. Chưa dùng nên chưa biết chất lượng ra sao"
"Tinh Chất giảm Thâm, Trắng Da Balance Active Formula Vitamin C Brightening Serum 30ml",[''],[14900000000],5,"Sản phẩm như hình check ra mac vạch, vì là Shopee mall nên cũng yên tâm mua hàng, gói hành kĩ lắm ạ"
"Tinh Chất giảm Thâm, Trắng Da Balance Active Formula Vitamin C Brightening Serum 30ml",[''],[12500000000],5,Hàng đóng gói ok tinh chất mùi thơm nhẹ khá okkkkkkkkkkkkkkkkkkkkkkkkkkkkk
"Tinh Chất giảm Thâm, Trắng Da Balance Active Formula Vitamin C Brightening Serum 30ml",[''],[13500000000],5,Giao hàng đầy đủ. Chưa sài nên chưa kết quả nhưng thế nào
"Tinh Chất giảm Thâm, Trắng Da Balance Active Formula Vitamin C Brightening Serum 30ml",[''],[12800000000],5,Ư9aja xjcpd9262grntkpwuqvq oq0snbdjfos9skqbavsjo.  Ỗeuehd 
"Tinh Chất giảm Thâm, Trắng Da Balance Active Formula Vitamin C Brightening Serum 30ml",[''],[13500000000],5,"Chưa sd nên chưa biết thế nào, hi vọng ổn, shop giao hàng nhanh và đủ hàng"
"Tinh Chất giảm Thâm, Trắng Da Balance Active Formula Vitamin C Brightening Serum 30ml",[''],[14900000000],5,xin lỗi tại không có hình nhưng sản phẩm cũng oke ạ mấy vết thâm của em cũng đỡ đi nhưng trắng da thì mọi người kì vọng quá nha 🥺
"Tinh Chất giảm Thâm, Trắng Da Balance Active Formula Vitamin C Brightening Serum 30ml",[''],[12900000000],5,"Giao hàng nhanh, đóng gói cẩn thận, hàng chính hãng, sài rất tốt."
"Tinh Chất giảm Thâm, Trắng Da Balance Active Formula Vitamin C Brightening Serum 30ml",[''],[13500000000],5,"Giao hàng nhanh
Shopee mall nên rất tin tưởng-Sp chính hãng
Sp thấm nhanh
Còn tác dụng sử dụng mới biết"
"Tinh Chất giảm Thâm, Trắng Da Balance Active Formula Vitamin C Brightening Serum 30ml",[''],[12800000000],5,"Mua link cj hà linh mong sp sài ok, hợp da mình ............. đc lần sau mua tiếp "
"Tinh Chất giảm Thâm, Trắng Da Balance Active Formula Vitamin C Brightening Serum 30ml",[''],[13500000000],5,Hàng giao đầy đủ giao cũng khá nhanh đóng gói cẩn thậm có cả bọc chống sốc cơ
"Tinh Chất giảm Thâm, Trắng Da Balance Active Formula Vitamin C Brightening Serum 30ml",[''],[12800000000],5,Nx ccdmxxkxkksdmkxk.&&.&.&.&.&.&.&.&.&.&.’xnxnxnznzjznz
"Tinh Chất giảm Thâm, Trắng Da Balance Active Formula Vitamin C Brightening Serum 30ml",[''],[13500000000],5,Serum có mùi thơm thẩm thấu nhanh dùng xong cũng thấy da căng nói chung là rât nên mua 
"Tinh Chất giảm Thâm, Trắng Da Balance Active Formula Vitamin C Brightening Serum 30ml",[''],[12800000000],5,"Sản phẩm có mùi thơm nhẹ, thấm nhanh. Hiệu quả thì chưa dùng chưa biết đc. 5/5 sale còn 126k 1 chai. Khá là ưng ý "
"Tinh Chất giảm Thâm, Trắng Da Balance Active Formula Vitamin C Brightening Serum 30ml",[''],[14900000000],5,Shop đóng gói khá cẩn thận. Lần đầu mình dùng vitamin c không biết có hợp không nhưng mong sản phẩm có thể phát huy hiệu quả tốt như mình mong muốn
"Tinh Chất giảm Thâm, Trắng Da Balance Active Formula Vitamin C Brightening Serum 30ml",[''],[13900000000],5,Đóng gói cẩn thận giao hàng nhanh. Mình lười chụp nên lấy hình này đỡ. 
"Tinh Chất giảm Thâm, Trắng Da Balance Active Formula Vitamin C Brightening Serum 30ml",[''],[14900000000],5,"giao hàng nhanhhhhhhh , chưa dùng nên chưa biếttttttttttttttt"
"Tinh Chất giảm Thâm, Trắng Da Balance Active Formula Vitamin C Brightening Serum 30ml",[''],[13500000000],5,"Hàng đóng ok lắm nà , chất lượng thì mình chưa dùng nên chưa biết.nhưng mà nghe bảo serum này k bảo quản trong tủ lạnh nó sẽ bị oxi hoá .huhu , mình k có tủ , k biết tính sao đây 😑!!!"
"Tinh Chất giảm Thâm, Trắng Da Balance Active Formula Vitamin C Brightening Serum 30ml",[''],[13900000000],5,"Đóng gói cẩn thận. Hên là lọ serum nguyên vẹn. Hộp ko bị méo mó. Giống những bạn bị xui 😅 chưa lần nào khui hàng mà hồi hộp như vậy. 
Hàng ship hơi chậm. Serum ko bị vẩn đục. 👍🏻👍🏻👍🏻👍🏻"
"Tinh Chất giảm Thâm, Trắng Da Balance Active Formula Vitamin C Brightening Serum 30ml",[''],[14900000000],5,"Giao hành nhanh , đóng gói cẩn thận , chưa sử dụng lên chưa thể biết sp có ok hay k "
"Tinh Chất giảm Thâm, Trắng Da Balance Active Formula Vitamin C Brightening Serum 30ml",[''],[12900000000],5,"Gói hàng cẩn thận.
Mong có hiệu quả........................."
"Tinh Chất giảm Thâm, Trắng Da Balance Active Formula Vitamin C Brightening Serum 30ml",[''],[13500000000],5,"Tuổi trẻ không nên yêu người quá hoàn hảo, sau này sẽ vấn vương ....vỏ nhựa nha mn"
"Tinh Chất giảm Thâm, Trắng Da Balance Active Formula Vitamin C Brightening Serum 30ml",[''],[12900000000],5,"ms nhận hàng oke lắm ạ . mùi thơm . đóng gói kĩ. giao hàng nhanh ạ sẽ ủng hộ ,,,,,"
"Tinh Chất giảm Thâm, Trắng Da Balance Active Formula Vitamin C Brightening Serum 30ml",[''],[13500000000],5,Đóng gói sản phẩm chắc chắn đẹp chưa sử dụng nên chưa biết  chất lượng 
"Tinh Chất giảm Thâm, Trắng Da Balance Active Formula Vitamin C Brightening Serum 30ml",[''],[12800000000],5,"Chai tinh chất chuẩn như mô tả
Shop phục vụ rất tốt
Sẽ ủng hộ shop lần tới"
"Tinh Chất giảm Thâm, Trắng Da Balance Active Formula Vitamin C Brightening Serum 30ml",[''],[13500000000],5,Hình ảnh chỉ mang tính chất nhận xu.........................     ..
"Tinh Chất giảm Thâm, Trắng Da Balance Active Formula Vitamin C Brightening Serum 30ml",[''],[12900000000],5,"Giao hành nhanh, đóng gói chắc chắn, chất lượng sản phẩm tuyệt vời!"
"Tinh Chất giảm Thâm, Trắng Da Balance Active Formula Vitamin C Brightening Serum 30ml",[''],[12500000000],5,"Giao hàng nhanh
Sản phẩm đóng gói kĩ càng 
Không biết auth hay fake nữa
Hình ảnh không liên quan 
Fbiyfbjrdhijn"
"Tinh Chất giảm Thâm, Trắng Da Balance Active Formula Vitamin C Brightening Serum 30ml",[''],[13500000000],5,VavavavsvvzvzvbvVvVzvzvbzbzkKakanzznzbzbBb z.  [!![!_??
"Tinh Chất giảm Thâm, Trắng Da Balance Active Formula Vitamin C Brightening Serum 30ml",[''],[13900000000],5,"Giao hàng nhanh, đóng gói sp tốt, mua lần thứ 2 của shop mall nên khá yên tâm"
"Tinh Chất giảm Thâm, Trắng Da Balance Active Formula Vitamin C Brightening Serum 30ml",[''],[12900000000],5,mois nhận hàng chưa sử dụng chưa biết được chất luoengj. hi vọng sản phẩm sẽ sử dụng tốt như mọi người đánh giá
"Tinh Chất giảm Thâm, Trắng Da Balance Active Formula Vitamin C Brightening Serum 30ml",[''],[13500000000],5,"Mua lần thứ 2, serum xai ổn..ngày sản xuất từ tháng 5 năm ngoái"
"Tinh Chất giảm Thâm, Trắng Da Balance Active Formula Vitamin C Brightening Serum 30ml",[''],[12800000000],5,Giao hàng nhanh khuya chốt deal thì chiều đã có. Còn sản phẩm thì hơi có mùi ngọt nhẹ thấm nhanh trên da.
"Tinh Chất giảm Thâm, Trắng Da Balance Active Formula Vitamin C Brightening Serum 30ml",[''],[13500000000],5,"Hàng đóng gói ổn nhaa
Còn sản phẩm mình chưa sd nên cũng không biết"
"Tinh Chất giảm Thâm, Trắng Da Balance Active Formula Vitamin C Brightening Serum 30ml",[''],[13500000000],5,"Dùng đc vài hôm thấy có giảm thâm, nói chung là có hiệu quả nha mn, nhưng sr khi mua về có vơi đi 1 khoảng khá nhiều "
"Tinh Chất giảm Thâm, Trắng Da Balance Active Formula Vitamin C Brightening Serum 30ml",[''],[13900000000],5,giao hàng nhanh chính hãng đáng muaaaaaaaaa lắm nhaaaaaaaa
"Tinh Chất giảm Thâm, Trắng Da Balance Active Formula Vitamin C Brightening Serum 30ml",[''],[14900000000],5,
"Tinh Chất giảm Thâm, Trắng Da Balance Active Formula Vitamin C Brightening Serum 30ml",[''],[14900000000],5,"Giao sản phẩm đúng hạn, nhanh, bao bọc kĩ càng, bbnnnnnnnnnnnn"
"Tinh Chất giảm Thâm, Trắng Da Balance Active Formula Vitamin C Brightening Serum 30ml",[''],[13500000000],5,Giao hàng nhanh mùi thơm dễ chịu chưa sử dụng nên kb hiệu quả không 😌😌😌😌😌
"Tinh Chất giảm Thâm, Trắng Da Balance Active Formula Vitamin C Brightening Serum 30ml",[''],[12800000000],5,
"Tinh Chất giảm Thâm, Trắng Da Balance Active Formula Vitamin C Brightening Serum 30ml",[''],[12900000000],5,Hdhdhdjd.  Djjdjđ jdjdbd kdkdjf kdjdjd kdjdj. Kdjdjdj. Djjcehw.  Dkdjdj. Jdjd
"Tinh Chất giảm Thâm, Trắng Da Balance Active Formula Vitamin C Brightening Serum 30ml",[''],[12800000000],5,"Sp tốt. Giá rẻ. Shop bán hàng chính hãng nên mn yên tâm nha. 
Sử dụng có hiệu quả sẽ mua lại"
"Tinh Chất giảm Thâm, Trắng Da Balance Active Formula Vitamin C Brightening Serum 30ml",[''],[13500000000],4,K có tem. Hộp đã bị bóc và bóp méo luôn. Và sản phẩm có mùi. Mk k thích lắm. Chưa dùng nên k biết ra sao. Giao hàng cx hơi lâu. 
"Tinh Chất giảm Thâm, Trắng Da Balance Active Formula Vitamin C Brightening Serum 30ml",[''],[13500000000],5,Đã nhận dc hàng chưa dùng nên chưa thể rư dc. Đosng gói sp ok. Gioa hàng hơi lâu. Shop mail lên k lo lắm
"Tinh Chất giảm Thâm, Trắng Da Balance Active Formula Vitamin C Brightening Serum 30ml",[''],[14900000000],5,"Mình thấy tốt, hợp với da mặt mình, săn sale, nên ủng hộ shop nha."
"Tinh Chất giảm Thâm, Trắng Da Balance Active Formula Vitamin C Brightening Serum 30ml",[''],[14900000000],5,Sản phẩm tốt sẽ ủng hộ shop dài dài. Đóng gói rất chắc chắn....
"Tinh Chất giảm Thâm, Trắng Da Balance Active Formula Vitamin C Brightening Serum 30ml",[''],[13900000000],5,Chưa sử dụng nên chưa biết hiệu quả ra sao. Shop đóng gói chắc chắn. Hình ảnh mang tính chất nhận xu 
"Tinh Chất giảm Thâm, Trắng Da Balance Active Formula Vitamin C Brightening Serum 30ml",[''],[12800000000],5,Giao hàng nhanh . Do mua ngày sale lên giá cx ổn nx k quá đắt. Thấy nhiều reveiw vè sp chắc chắn là sp tốt rồi nha 
"Tinh Chất giảm Thâm, Trắng Da Balance Active Formula Vitamin C Brightening Serum 30ml",[''],[14900000000],5,"Sản phẩm chất lượng, giao nhanh, mua 2l r shop nhiệt tình, rất ưng "
"Tinh Chất giảm Thâm, Trắng Da Balance Active Formula Vitamin C Brightening Serum 30ml",[''],[14900000000],5,Fbjkkd jjske djkdmd f jjkj ddkk đẹ đkdbd hnsknd kkdft njsdkn
"Tinh Chất giảm Thâm, Trắng Da Balance Active Formula Vitamin C Brightening Serum 30ml",[''],[13500000000],5,"I'm a girl's girl, I'm a boss in a man's world
Yeah, I can pick and roll, pass, ballerina twirl
Skating through the city with my snapback on
Still be looking pretty with no makeup on
Hit Sephora quick, get a red lip
But meet me on the court, I'll ball you up right quick (Quick)
They be like, ""Baby, "
"Tinh Chất giảm Thâm, Trắng Da Balance Active Formula Vitamin C Brightening Serum 30ml",[''],[13500000000],5,Đánh giá mang tính chất nhận xu thoi nhưng sản phẩm siêu ưnggggggg
"Tinh Chất giảm Thâm, Trắng Da Balance Active Formula Vitamin C Brightening Serum 30ml",[''],[13900000000],5,G2gwbbwuwnjiwn2nebervrbessjjzisjssnnsbvtvctctaiduxkwansnnnknssnnen
"Tinh Chất giảm Thâm, Trắng Da Balance Active Formula Vitamin C Brightening Serum 30ml",[''],[14900000000],5,Chưa dùng chưa biết thế nào. Jdjdjcjv hjdjdhdj hhdjdjd bdjdjdju hẹdjjdjc jejejdj
"Tinh Chất giảm Thâm, Trắng Da Balance Active Formula Vitamin C Brightening Serum 30ml",[''],[13900000000],5,"Shop đóng hàng kĩ , mình chưa xài k biết sao hihiu"
"Tinh Chất giảm Thâm, Trắng Da Balance Active Formula Vitamin C Brightening Serum 30ml",[''],[14900000000],5,"Mùi thơm, shop giao hành nhanh chưa sử dụng nên chưa biết như thế nào"
"Tinh Chất giảm Thâm, Trắng Da Balance Active Formula Vitamin C Brightening Serum 30ml",[''],[13900000000],5,Luôn ưng về khâu đóng gói của shop. Mua dc 2 lần rồi. Mà lần này shop gửi thiếu 1 miếng mặt nạ
"Tinh Chất giảm Thâm, Trắng Da Balance Active Formula Vitamin C Brightening Serum 30ml",[''],[12500000000],5,"Giao hàng lâu. Sp chính hãng. Dùng mướt da rất thích. Sáng da, mềm."
"Tinh Chất giảm Thâm, Trắng Da Balance Active Formula Vitamin C Brightening Serum 30ml",[''],[12800000000],5,"okela lắm nha. mùi thơm, dễ chịu. 
hình ảnh và video mang tính nhận xu:>>"
"Tinh Chất giảm Thâm, Trắng Da Balance Active Formula Vitamin C Brightening Serum 30ml",[''],[13500000000],5,"Sản phẩm chưa dùnh nên chưa đạn giá được 
00ânkakxkdkskakkalalsxksmskxjzhajaiakx dnxkajzbanamlzalbxznjasn nz almznxamsmx mzmamsxn"
"Tinh Chất giảm Thâm, Trắng Da Balance Active Formula Vitamin C Brightening Serum 30ml",[''],[12900000000],5,"Đóng gói sản phẩm chắc chắn 
Giao hàng nhanh"
"Tinh Chất giảm Thâm, Trắng Da Balance Active Formula Vitamin C Brightening Serum 30ml",[''],[14900000000],5,"Giao hàng nhanh , đóng gói ổn . Dùnc lần đầu nên chưa biết như thế nào . Hiệu quả sẽ mua tiếp"
"Tinh Chất giảm Thâm, Trắng Da Balance Active Formula Vitamin C Brightening Serum 30ml",[''],[13500000000],5,Giao hàng nhanh. Mình săn flash sale tưởng phải giao lâu mà nhanh quá trời luôn. Chưa dùng bao h nên ko đánh giá chất lượng nếu tốt sẽ mua lại
"Tinh Chất giảm Thâm, Trắng Da Balance Active Formula Vitamin C Brightening Serum 30ml",[''],[13900000000],5,"Mình check đc mã vạch nên cũng yên tâm về sản phẩm. Có mùi thơm thơm, nhanh thấm vào da. Mong là dùng 1 thời gian da mình sẽ cải thiện rõ hơn"
"Tinh Chất giảm Thâm, Trắng Da Balance Active Formula Vitamin C Brightening Serum 30ml",[''],[14900000000],5,Jjjjjjjjjjjjjjjjjjjjjjjjjjjjjjjjjjjjjjjjjjjjjjjjjj
"Tinh Chất giảm Thâm, Trắng Da Balance Active Formula Vitamin C Brightening Serum 30ml",[''],[13900000000],5,"Video chỉ mang tính chất nhận xu 
Hàng đẹp chất lương tốt shop đóng gói cẩn thận "
"Tinh Chất giảm Thâm, Trắng Da Balance Active Formula Vitamin C Brightening Serum 30ml",[''],[14900000000],5,Hình ảnh chỉ mang tính chất nhận xu nhưng mà gói hàng okela lắm nhaaaaaa
"Tinh Chất giảm Thâm, Trắng Da Balance Active Formula Vitamin C Brightening Serum 30ml",[''],[14900000000],5,"giao hàng nhanh
đóng gói cẩn thận
mình thấy nhiều người xài loại này nên ord về tập xài"
"Tinh Chất giảm Thâm, Trắng Da Balance Active Formula Vitamin C Brightening Serum 30ml",[''],[14900000000],5,"Sản phẩm chất lượng, giao hàng nhanh, đóng gói sản phẩm đẹp và chắc chắn. Sẽ tiếp tục ủng hộ shop"
"Tinh Chất giảm Thâm, Trắng Da Balance Active Formula Vitamin C Brightening Serum 30ml",[''],[13500000000],5,"Hang goi can than, chat luong."
"Tinh Chất giảm Thâm, Trắng Da Balance Active Formula Vitamin C Brightening Serum 30ml",[''],[13500000000],5,Chưa dùng nhưng sẽ quay lại đánh giá sau khi sử dụng 🤷🏻‍♀️🤷🏻‍♀️🤷🏻‍♀️🤷🏻‍♀️🤷🏻‍♀️
"Tinh Chất giảm Thâm, Trắng Da Balance Active Formula Vitamin C Brightening Serum 30ml",[''],[12900000000],5,💯💯💯💯💯💯💯💯💯💯💯💯💯💯💯💯💯💯💯💯💯💯💯💯💯💯💯💯💯💯💯💯💯💯💯💯💯💯💯💯💯💯💯💯💯💯💯💯💯💯
"Tinh Chất giảm Thâm, Trắng Da Balance Active Formula Vitamin C Brightening Serum 30ml",[''],[13500000000],5,"Sản phẩm ok bạn nhé 
Mình sẽ sử dụng và fb lại sau 
Mong là sp tốt 
Ok "
"Tinh Chất giảm Thâm, Trắng Da Balance Active Formula Vitamin C Brightening Serum 30ml",[''],[14900000000],5,Chỉ mang tính chất nhận xu jtzgkbysdhkfbjfsbjgvngzvjhnkjb
"Tinh Chất giảm Thâm, Trắng Da Balance Active Formula Vitamin C Brightening Serum 30ml",[''],[13500000000],5,Chưa dùng nhưng đóng gói hàng kĩ lắm nheee mọi người mình mua lúc đang sale nên ưng gheeee
"Tinh Chất giảm Thâm, Trắng Da Balance Active Formula Vitamin C Brightening Serum 30ml",[''],[14900000000],5,"Hình ảnh mang tính nhận xu ,sản phẩm giao nhanh, dùng ổn ,giá cả ok"
"Tinh Chất giảm Thâm, Trắng Da Balance Active Formula Vitamin C Brightening Serum 30ml",[''],[13900000000],5,Sài tốt lắm ạ mà còn thơm nữa chứ hàng nhập khẩu luôn nhìn đã con mắt
"Tinh Chất giảm Thâm, Trắng Da Balance Active Formula Vitamin C Brightening Serum 30ml",[''],[13900000000],5,"Chất lượng sản phẩm tuyệt zờiii i
Đóng gói sản phẩm rất cẩn thận "
"Tinh Chất giảm Thâm, Trắng Da Balance Active Formula Vitamin C Brightening Serum 30ml",[''],[13900000000],5,"Sản phẩm chất lượng, đóng gói cẩn thận, giao hàng nhanh, rất hài lòng lòng, sẽ tiếp tục ủng hộ shop."
"Tinh Chất giảm Thâm, Trắng Da Balance Active Formula Vitamin C Brightening Serum 30ml",[''],[13500000000],5,"Sản phẩm ok,Gói hàng cẩn thận, kĩ,đẹp .Giao hàng nhanh,Shipper dễ thương,sẽ ủng hộ shop lần sau 👍"
"Tinh Chất giảm Thâm, Trắng Da Balance Active Formula Vitamin C Brightening Serum 30ml",[''],[12800000000],5,Mamg tính chất nhânn xu hnanansmmsmsmxmxkxllxlxlxlxlxlxkkckcl
"Tinh Chất giảm Thâm, Trắng Da Balance Active Formula Vitamin C Brightening Serum 30ml",[''],[13500000000],5,Cmnxns x znamsn s snsmsnsmmcm mxkdkmccmnxndjskskkskdmcmdlzmcmsd
"Tinh Chất giảm Thâm, Trắng Da Balance Active Formula Vitamin C Brightening Serum 30ml",[''],[12500000000],5,"Gói hàng kĩ lắm ,giao cũng nhanh nữa mới xài được hơn 1 tuần mà thâm mụn giảm đi 1 xíu r "
"Tinh Chất giảm Thâm, Trắng Da Balance Active Formula Vitamin C Brightening Serum 30ml",[''],[14900000000],5,"Sản phẩm mới dùng nên chưa biết có hiệu quả ko, Shop đóng gói chắc chắn, hàng giao siêu nhanh"
"Tinh Chất giảm Thâm, Trắng Da Balance Active Formula Vitamin C Brightening Serum 30ml",[''],[12500000000],5,Chưa sư dụng nên chưa biết chất lượng như thế nào.......nói chung nhìn tạm ổn
"Tinh Chất giảm Thâm, Trắng Da Balance Active Formula Vitamin C Brightening Serum 30ml",[''],[14900000000],5,Hình ảnh mang tc nhận xu bdjdjdnfrkkrekekjfrkrkfjkdzkelzkndkfkrfkfkkrkrkfkfktktkrkkfkf
"Tinh Chất giảm Thâm, Trắng Da Balance Active Formula Vitamin C Brightening Serum 30ml",[''],[14900000000],5,Sài khá ổn mùi thơm hình ảnh và video chỉ mang tính chất lấy xu.
"Tinh Chất giảm Thâm, Trắng Da Balance Active Formula Vitamin C Brightening Serum 30ml",[''],[12800000000],5,Thời gian giao hàng rất nhanh . Đóng gói sản phẩm chắc chắn . Ảnh và video mang tính chất nhận xu 🤣
"Tinh Chất giảm Thâm, Trắng Da Balance Active Formula Vitamin C Brightening Serum 30ml",[''],[13500000000],5,"Sản phẩm khá ổn đóng gói cẩn thận, giao hàng nhanhhhhhhhhhhh"
"Tinh Chất giảm Thâm, Trắng Da Balance Active Formula Vitamin C Brightening Serum 30ml",[''],[13500000000],5,Da mình bị kích ứng nên nổi mụn mẩn đỏ hơi rát da kiểm soát đk dầu nhờn
"Tinh Chất giảm Thâm, Trắng Da Balance Active Formula Vitamin C Brightening Serum 30ml",[''],[14900000000],5,Shop giao hàng nhanh. Đóng gói khá cẩn thận. Bôi lên da rất nhanh thấm 
"Tinh Chất giảm Thâm, Trắng Da Balance Active Formula Vitamin C Brightening Serum 30ml",[''],[12800000000],5,Đóng gói cẩn thận . Giao hàng nhanh . Chất lượng thì tuyệt vời . Rất đáng để mua 
"Tinh Chất giảm Thâm, Trắng Da Balance Active Formula Vitamin C Brightening Serum 30ml",[''],[14900000000],5,Hssuwjjfuwywhieufyfudufuvfwudifjeiwodiuff88fufgvfffifu
"Tinh Chất giảm Thâm, Trắng Da Balance Active Formula Vitamin C Brightening Serum 30ml",[''],[14900000000],5,"Hàng siêu tốt, bao bì kĩ và có thơm thơm nữa nha mọi người. Nên dùng thử. Hihi "
"Tinh Chất giảm Thâm, Trắng Da Balance Active Formula Vitamin C Brightening Serum 30ml",[''],[13500000000],5,"Lầm đầu mua, check được mã vạch, hi vọng chuẩn auth, sẽ ủng hộ nếu dùng hợp"
"Tinh Chất giảm Thâm, Trắng Da Balance Active Formula Vitamin C Brightening Serum 30ml",[''],[12800000000],5,"Đóng gói sản phẩm rất đẹp và chắc chắn, shop phục vụ rát tốt, thời gian giao hàng nhanh. Ok"
"Tinh Chất giảm Thâm, Trắng Da Balance Active Formula Vitamin C Brightening Serum 30ml",[''],[13500000000],5,"Ch sd nên chưa biết như nào, nhưng mà thấy nhiều ng mua quá nên nghĩ sẽ rất tốt"
"Tinh Chất giảm Thâm, Trắng Da Balance Active Formula Vitamin C Brightening Serum 30ml",[''],[13900000000],5,"Ship nhanh, mùi dễ chịu, nhanh thấm, mới dùng chưa biết được ra sao"
"Tinh Chất giảm Thâm, Trắng Da Balance Active Formula Vitamin C Brightening Serum 30ml",[''],[13900000000],5,Sản phẩm oke shop gói hàng rất cẩn thận. Sản phẩm này mình thì chưa dùng nên chưa biết hiệu quả như thế nào nhưng thấm ra tay thì hơi lâu khô.
"Tinh Chất giảm Thâm, Trắng Da Balance Active Formula Vitamin C Brightening Serum 30ml",[''],[13900000000],5,"Đã nhận đc hàng
Giao hàng khá nhanh
Chưa dùng nên chưa biết có chất lượng/ phù hợp với da hay không"
"Tinh Chất giảm Thâm, Trắng Da Balance Active Formula Vitamin C Brightening Serum 30ml",[''],[12500000000],5,"Chưa dùng nên chưa biết thế nào ạ. Giao hàng hơi buồn cười, ko buồn gọi điện luôn."
"Tinh Chất giảm Thâm, Trắng Da Balance Active Formula Vitamin C Brightening Serum 30ml",[''],[12800000000],5,"Check mã ra sản phẩm, hộp chuyển về hơi bị méo, đóng gói không chắc lắm"
"Tinh Chất giảm Thâm, Trắng Da Balance Active Formula Vitamin C Brightening Serum 30ml",[''],[13500000000],5,"Sản phẩm oce . Dùng thích. Thấy rv tốt nên mua về dùng thử. Sẽ quay lại mua thêm, dddddddddđjjjjj"
"Tinh Chất giảm Thâm, Trắng Da Balance Active Formula Vitamin C Brightening Serum 30ml",[''],[12800000000],5,"Sp chất lượng, njhghhjjgghhgssgshbshshabavabsbsjbvvbbbbbvvvhsgsgabsbsbshsvabajsbsbsbsjjansbsbs"
"Tinh Chất giảm Thâm, Trắng Da Balance Active Formula Vitamin C Brightening Serum 30ml",[''],[12500000000],5,"Hình ảnh chỉ mang tính chất nhận xu. 

Máy say Osaka, say đá mịn luôn ạ, em vừa mới say xong đây. Lưỡi dao quá sắc
Chỉ #175k /máy này thôi

Vs giá này thì em thấy cái máy quá chất lượng
Xay bất cứ thứ gì bạn muốn- xay gì cũng nhuyễn... 
nửa cân thịt, đá viên hay củ quả cũng chấp hết ạ

Có lẽ em k ph"
"Tinh Chất giảm Thâm, Trắng Da Balance Active Formula Vitamin C Brightening Serum 30ml",[''],[12800000000],5,Somsmxnxnndksksjdbcb k k m mcmcmmxmmmmmdmdksksjdbxhjxjsnd
"Tinh Chất giảm Thâm, Trắng Da Balance Active Formula Vitamin C Brightening Serum 30ml",[''],[13800000000],5,đang dùng và thấy cũng hiệu quả mong là giảm thâm sp quá okeeee 💯
"Tinh Chất giảm Thâm, Trắng Da Balance Active Formula Vitamin C Brightening Serum 30ml",[''],[13900000000],5,"Sản phẩm như hình,có mùi thơm nhẹ,shopee mall nên ko lo về chất lượng,nên mua nha"
"Tinh Chất giảm Thâm, Trắng Da Balance Active Formula Vitamin C Brightening Serum 30ml",[''],[13500000000],5,"Đóng gói chắc chắn, chưa dùng nên không biết hiệu quả không 💓💓💓💓💓💓💓💓💓💓💓"
"Tinh Chất giảm Thâm, Trắng Da Balance Active Formula Vitamin C Brightening Serum 30ml",[''],[14900000000],5,
"Tinh Chất giảm Thâm, Trắng Da Balance Active Formula Vitamin C Brightening Serum 30ml",[''],[13500000000],5,Chưa sài nhưng nghe mn review tốt nên mua hihi😬😬😬😬😬😬😬💌💌💌💌💌💌
"Tinh Chất giảm Thâm, Trắng Da Balance Active Formula Vitamin C Brightening Serum 30ml",[''],[13900000000],5,"Shop đóng gói cẩn thận, sản phẩm ổn áp, nhân viên giao hàng nhiệt tình. Sẽ ủng hộ nhiệt tình ạ."
"Tinh Chất giảm Thâm, Trắng Da Balance Active Formula Vitamin C Brightening Serum 30ml",[''],[13500000000],5,Chất lượng sản phẩm khá là ok đóng gói cẩn thận thời gian giao hàng mau 
"Tinh Chất giảm Thâm, Trắng Da Balance Active Formula Vitamin C Brightening Serum 30ml",[''],[14900000000],5,"Hàng đóng cẩn thận, shop phục vụ nhiệt tình, hiệu quả ra sao mình cũng chưa biết tại mới dùng"
"Tinh Chất giảm Thâm, Trắng Da Balance Active Formula Vitamin C Brightening Serum 30ml",[''],[13900000000],5,Lần đầu tiên mua và cũng chưa dùng nên chưa biết kết quả ra sao. Nhưng mùi thơm lắm nha mng!!
"Tinh Chất giảm Thâm, Trắng Da Balance Active Formula Vitamin C Brightening Serum 30ml",[''],[13800000000],5,"Giao hàng nhanh, mình nghĩ nên dùng lâu dài sẽ có kết quả nhỉ.giá cũng phù hợp sinh viên nha. 😋"
"Tinh Chất giảm Thâm, Trắng Da Balance Active Formula Vitamin C Brightening Serum 30ml",[''],[13500000000],5,Đóng gói sản phẩm cẩn thận.....serum thấm nhanh và mềm da 👍🏻👍🏻👌🏻👌🏻
"Tinh Chất giảm Thâm, Trắng Da Balance Active Formula Vitamin C Brightening Serum 30ml",[''],[14900000000],5,Hàng ok. Giao cũng nhanh k chậm. Đóng gói cẩn thận. Có dịp sẽ ủng hộ tiếp.
"Tinh Chất giảm Thâm, Trắng Da Balance Active Formula Vitamin C Brightening Serum 30ml",[''],[14900000000],5,"Giao đủ hàng , hdhdhshjsnnshabaNnznznnxnxndnshahsbshaxmissyou"
"Tinh Chất giảm Thâm, Trắng Da Balance Active Formula Vitamin C Brightening Serum 30ml",[''],[12500000000],5,"Giao hàng lâu dã man. 
Mình sec kết hợp cả vitamin C uống nữa mong có hiệu quả"
"Tinh Chất giảm Thâm, Trắng Da Balance Active Formula Vitamin C Brightening Serum 30ml",[''],[12800000000],5,Chất lượn sản phẩm rất oke nhá. Giao hàng cực nhanh. Mình rất thích
"Tinh Chất giảm Thâm, Trắng Da Balance Active Formula Vitamin C Brightening Serum 30ml",[''],[12800000000],5,"Shop đóng gói sản phẩm chắc chắn ạ 
Chưa sử dụng nên chưa có gì để chê ạ "
"Tinh Chất giảm Thâm, Trắng Da Balance Active Formula Vitamin C Brightening Serum 30ml",[''],[12900000000],5,"Thoa xong hơi ngứa síu, hơi rít mặt nhưng mới sài chưa quen lắm "
"Tinh Chất giảm Thâm, Trắng Da Balance Active Formula Vitamin C Brightening Serum 30ml",[''],[13500000000],5,Mới dùng lần đầu nên hong biết sao nhưng shop mall chắc là yên tâm đôi chút. Gói hàng chắc chắn lắm. 
"Tinh Chất giảm Thâm, Trắng Da Balance Active Formula Vitamin C Brightening Serum 30ml",[''],[12800000000],5,Đã nhận hàng. Gói hàng rất kỹ .sẽ ủng hộ lâu dài
"Tinh Chất giảm Thâm, Trắng Da Balance Active Formula Vitamin C Brightening Serum 30ml",[''],[13900000000],5,"Giao hàng nhanh, đóng gói sản phẩm đẹp và chắc chắn.iuiuiuiuiuiuiuiuiuiu..............."
"Tinh Chất giảm Thâm, Trắng Da Balance Active Formula Vitamin C Brightening Serum 30ml",[''],[13500000000],5,Hình ảnh mang tính chất nhận xu sản phẩm đóng gói cẩn thận nhưng xài ch lâu ch bt kq
"Tinh Chất giảm Thâm, Trắng Da Balance Active Formula Vitamin C Brightening Serum 30ml",[''],[13500000000],5,Đặc 2 ngày là có ok cho 5 kkkkkkkkkkkkkkk kkkkkkkkkkkkkkkkkkkkkkkkkkkkkkkkkkkkkknnnnjjjkkkkgjdkgdgxgfjvjvjkbkgivihohbkbkvj
"Tinh Chất giảm Thâm, Trắng Da Balance Active Formula Vitamin C Brightening Serum 30ml",[''],[13500000000],5,
"Tinh Chất giảm Thâm, Trắng Da Balance Active Formula Vitamin C Brightening Serum 30ml",[''],[14900000000],5,Giao hàng nhanh đóng gói chắc chắn hạn sử dụng xa kèm quà tặng đầy đủ 
"Tinh Chất giảm Thâm, Trắng Da Balance Active Formula Vitamin C Brightening Serum 30ml",[''],[14900000000],5,"Hàng chính hãng yên tâm , dùng r quay lại review tiếp nnnnnmmmmmbnnnkllmbmmll"
"Tinh Chất giảm Thâm, Trắng Da Balance Active Formula Vitamin C Brightening Serum 30ml",[''],[13500000000],5,"Giao hàng nhanh ,shkaksmslsspsldkpslvhsajjssjhwnsjsjsjjqjwlssdjw🤩❤❤❤❤❤❤"
"Tinh Chất giảm Thâm, Trắng Da Balance Active Formula Vitamin C Brightening Serum 30ml",[''],[14900000000],5,Tuy vỏ hơi cũ xíu nhưng sp ko sao là được.shop đóng gói kĩ lắm ý ạ nên em cho 5sao 
"Tinh Chất giảm Thâm, Trắng Da Balance Active Formula Vitamin C Brightening Serum 30ml",[''],[12800000000],5,"Đón gói cẩn thận
Chất lượng chưa sử dụng chưa biết.........."
"Tinh Chất giảm Thâm, Trắng Da Balance Active Formula Vitamin C Brightening Serum 30ml",[''],[12500000000],5,"Đã nhận đủ hàng, xài cực hợp da dầu nhạy cảm, xài rất thích, hành đủ tem mác, vừa xưng tấy mụn dùng centella với klairs vào êm ngay. "
"Tinh Chất giảm Thâm, Trắng Da Balance Active Formula Vitamin C Brightening Serum 30ml",[''],[13500000000],5,"Đóng gói cẩn thận, da mình bị nổi vài cái mụn do k làm sạch cẩn thận k biết có bôi đc k hay đc nó lặn rồi bôi đây nữa"
"Tinh Chất giảm Thâm, Trắng Da Balance Active Formula Vitamin C Brightening Serum 30ml",[''],[14900000000],5,thời gian giao hàng khá nhanh chưa xài nên ko đánh giá nhiềuuuu ( hình ảnh video ko liên quan ) 
"Tinh Chất giảm Thâm, Trắng Da Balance Active Formula Vitamin C Brightening Serum 30ml",[''],[14900000000],5,"Serum chưa dùng nên kb hiệu quả ntn, chất lỏng
👌👌👌👌👌👌👌👌👌👌👌👌👌👌👌👌👌"
"Tinh Chất giảm Thâm, Trắng Da Balance Active Formula Vitamin C Brightening Serum 30ml",[''],[14900000000],5,Oki lém ạ fhdjfnvnjshjdjxhchdjsjevdhjakshfjfjdjdchdjd
"Tinh Chất giảm Thâm, Trắng Da Balance Active Formula Vitamin C Brightening Serum 30ml",[''],[12900000000],5,"Sản phẩm được đóng gói cẩn thận, giao hàng nhanh. Chất lượng tốt."
"Tinh Chất giảm Thâm, Trắng Da Balance Active Formula Vitamin C Brightening Serum 30ml",[''],[12900000000],5,Quá đượccccccccccccccccccccccccccccccccccccccc cccccccccc
"Tinh Chất giảm Thâm, Trắng Da Balance Active Formula Vitamin C Brightening Serum 30ml",[''],[12900000000],5,đóng gói cẩn thận sản phẩm ok ạ🥺🥺❤️❤️🥵🥵😖😖🙄🙄😀😀😉😉😞😞😗😗🥲🥲🤭🤭🙃🙃
"Tinh Chất giảm Thâm, Trắng Da Balance Active Formula Vitamin C Brightening Serum 30ml",[''],[12800000000],5,"Thấy mng review nên mua, chưa dùng nên chưa biết có hợp không."
"Tinh Chất giảm Thâm, Trắng Da Balance Active Formula Vitamin C Brightening Serum 30ml",[''],[14900000000],5,Ugxgxkgxkgckhclclhckgxkg
"Tinh Chất giảm Thâm, Trắng Da Balance Active Formula Vitamin C Brightening Serum 30ml",[''],[12900000000],5,Sr vì chiếc ảnh và chiếc vid hong liên quan.....đóng gói cẩn thận...dùng cũng ưng lắm nhưng k biết hiệu quả như nào
"Tinh Chất giảm Thâm, Trắng Da Balance Active Formula Vitamin C Brightening Serum 30ml",[''],[12500000000],5,"Sản phẩm tốt, đóng gói cẩn thận, giao hàng nhanh, sẽ ủng hộ shop trong sau này"
"Tinh Chất giảm Thâm, Trắng Da Balance Active Formula Vitamin C Brightening Serum 30ml",[''],[13900000000],5,"Giao hàng nhanh, shop cũng thân thiện dễ gầnnnnnnnnnnnnnnnnnnnnnnnnnn"
"Tinh Chất giảm Thâm, Trắng Da Balance Active Formula Vitamin C Brightening Serum 30ml",[''],[13900000000],5,Giao hàng nhanhhhhhhhhhhh. Đóng gói cẩn thânnnnnnnnnnnnn
"Tinh Chất giảm Thâm, Trắng Da Balance Active Formula Vitamin C Brightening Serum 30ml",[''],[12900000000],5,"Quét mã vạch thì chính hãng nhé
Còn công dụng thì xài mới biết
Gỏi hàng kĩ
Giao nhanh lắm lun á
Nói chung hài lòng"
"Tinh Chất giảm Thâm, Trắng Da Balance Active Formula Vitamin C Brightening Serum 30ml",[''],[13500000000],5,Ngày sản xuất hơn 1 năm rồi kh biết sao.....................
"Tinh Chất giảm Thâm, Trắng Da Balance Active Formula Vitamin C Brightening Serum 30ml",[''],[13500000000],5,hình ảnh mang tính chất nhận xu 1111111111111111111111111
"Tinh Chất giảm Thâm, Trắng Da Balance Active Formula Vitamin C Brightening Serum 30ml",[''],[12900000000],5,"Giáo hàng rất nhanh mới đặt hôm 6/6 mà 7/6 đã giao hàng. Sản phẩm chưa sài nên không biết kết quả ra sao nhưng nhìn khá ưng ý, nếu tốt sẽ quay lại ủng hộ tiếp"
"Tinh Chất giảm Thâm, Trắng Da Balance Active Formula Vitamin C Brightening Serum 30ml",[''],[14900000000],5,Hi vọng hàng chính hãng . Thấy review nhiều . Giao hàng nhânh   ueuehehdudj
"Tinh Chất giảm Thâm, Trắng Da Balance Active Formula Vitamin C Brightening Serum 30ml",[''],[13500000000],5,Chưa sài nên chưa biết ra sao nhưng nhìn đóng gói đẹp giao hàng nhanh
"Tinh Chất giảm Thâm, Trắng Da Balance Active Formula Vitamin C Brightening Serum 30ml",[''],[12800000000],5,"Giao hàng nhanh sp như video serum có mùi khá thơm sài 1 tg thấy hiệu quả thì ủng hộ shop tiếp 
Ảnh hơi quạo😅"
"Tinh Chất giảm Thâm, Trắng Da Balance Active Formula Vitamin C Brightening Serum 30ml",[''],[12900000000],5,K ohcufxurydzdyzyduffi g g crxdzfcjnonyxeWZfcjbknjbycf g 
"Tinh Chất giảm Thâm, Trắng Da Balance Active Formula Vitamin C Brightening Serum 30ml",[''],[14900000000],5,"Giao hàng hơi nâu , chưa sd nên chưa biết chất lượng thễ nào..."
"Tinh Chất giảm Thâm, Trắng Da Balance Active Formula Vitamin C Brightening Serum 30ml",[''],[12800000000],5,Sản phẩm chất lượng nhưng giao hàng hơi lâuuuuuuuuuuuuuuuu
"Tinh Chất giảm Thâm, Trắng Da Balance Active Formula Vitamin C Brightening Serum 30ml",[''],[12500000000],5,"Shop giao hàng nhanh, đóng gói cẩn thận, chất lượng sản phẩmm"
"Tinh Chất giảm Thâm, Trắng Da Balance Active Formula Vitamin C Brightening Serum 30ml",[''],[13500000000],5,"Hàng chính hãng, đóng gói cẩn thận. Dùng tốt sẽ mua lại......"
"Tinh Chất giảm Thâm, Trắng Da Balance Active Formula Vitamin C Brightening Serum 30ml",[''],[12900000000],5,"Giao hàng nhanh cực, đóng gói cẩn thận, mua ở đây lần nào cũng ưng"
"Tinh Chất giảm Thâm, Trắng Da Balance Active Formula Vitamin C Brightening Serum 30ml",[''],[12900000000],5,"Sản phẩm rất tốt, đáng tiền, giá cả hợp lí mà chất lượng siêu đỉnh"
"Tinh Chất giảm Thâm, Trắng Da Balance Active Formula Vitamin C Brightening Serum 30ml",[''],[14900000000],5,"Giao hàng nhanh 
Đóng gói cẩn thận
Mua shop mall nên an tâm 
Rất hoà lòng với sản phẩm
"
"Tinh Chất giảm Thâm, Trắng Da Balance Active Formula Vitamin C Brightening Serum 30ml",[''],[14900000000],5,Đóng gói sản phẩm khá tốt sản phẩm không bị ảnh hưởng. Sản phẩm có mùi thơm nhẹ.
"Tinh Chất giảm Thâm, Trắng Da Balance Active Formula Vitamin C Brightening Serum 30ml",[''],[12800000000],5,"Hàng đóng gói sản phẩm tốt, sẽ ủng hộ shop tiếp, ❤️❤️❤️❤️❤️❤️❤️"
"Tinh Chất giảm Thâm, Trắng Da Balance Active Formula Vitamin C Brightening Serum 30ml",[''],[14900000000],5,"Giao hàng nhanh, đóng gói cẩn thận, check ra  chính hãng nha mn"
"Tinh Chất giảm Thâm, Trắng Da Balance Active Formula Vitamin C Brightening Serum 30ml",[''],[14900000000],5,Hàng dẹp lắm nha mọi người có dịp ủng hộ shop típ. Hàng đẹp okkkk
"Tinh Chất giảm Thâm, Trắng Da Balance Active Formula Vitamin C Brightening Serum 30ml",[''],[14900000000],5,Okkkkkkkkkkkkkkkkkkkkkkkkkkkkkkkkkkkkkkkkkkkkkkkkkkkk
"Tinh Chất giảm Thâm, Trắng Da Balance Active Formula Vitamin C Brightening Serum 30ml",[''],[13500000000],5,Gói hàng ok . Chưa dùng thử lọ C nên k pit sau . ............:.::;;;
"Tinh Chất giảm Thâm, Trắng Da Balance Active Formula Vitamin C Brightening Serum 30ml",[''],[13500000000],5,"Giao hàng nhanh lắm ạ, sản phẩm tốt mình mua được 2 lần rồi ạ ..."
"Tinh Chất giảm Thâm, Trắng Da Balance Active Formula Vitamin C Brightening Serum 30ml",[''],[12900000000],5,Êm lắm nheeeeeeeeeeeeeeeeeeeeeeeeeeeeeeeeeeeeeeeeeeeeeeeeeeeeeee
"Tinh Chất giảm Thâm, Trắng Da Balance Active Formula Vitamin C Brightening Serum 30ml",[''],[13500000000],5,Em cảm ơn ạ hihiiiiiiiiiiiiiiiiiiiiiiiiiiiiiiiiiiiiiiii
"Tinh Chất giảm Thâm, Trắng Da Balance Active Formula Vitamin C Brightening Serum 30ml",[''],[13500000000],5,"Serum chất lỏng, mùi thơm, thoa lên mát và nhanh thấm. Đợi dùng thời gian xem sao. Giao hàng nhanh"
"Tinh Chất giảm Thâm, Trắng Da Balance Active Formula Vitamin C Brightening Serum 30ml",[''],[14900000000],5,Lần đâu mua mỹ phẩm trên shopee mong được hàng chính hãng hhhh
"Tinh Chất giảm Thâm, Trắng Da Balance Active Formula Vitamin C Brightening Serum 30ml",[''],[12900000000],5,Đóng gói cẩn thận kí càng chưa bao h dùng nên vẫn chưa bt hiệu quả ra sao nhưng cảm thấy ok nhà😆
"Tinh Chất giảm Thâm, Trắng Da Balance Active Formula Vitamin C Brightening Serum 30ml",[''],[14900000000],5,riwwng mình dùng srm này thì lại bị kích ứng. phải tuỳ từng loại da nha mn. sẽ ủng hộ ahop thêm
"Tinh Chất giảm Thâm, Trắng Da Balance Active Formula Vitamin C Brightening Serum 30ml",[''],[14900000000],5,Sản phẩm dùng siweu thích giá cả hợp lí giao hàng nhanh đóng gói cẩn thận
"Tinh Chất giảm Thâm, Trắng Da Balance Active Formula Vitamin C Brightening Serum 30ml",[''],[12500000000],5,Lần đầu mua ở đây và đây cũng là loại serum mình mới đổi không biết có tốt ko nhưng hi vọng hợp với da mình
"Tinh Chất giảm Thâm, Trắng Da Balance Active Formula Vitamin C Brightening Serum 30ml",[''],[12500000000],5,Sp nhin dep. Chua dung lan nao nen ko biet co hop ko. Thanks shop
"Tinh Chất giảm Thâm, Trắng Da Balance Active Formula Vitamin C Brightening Serum 30ml",[''],[14900000000],5,
"Tinh Chất giảm Thâm, Trắng Da Balance Active Formula Vitamin C Brightening Serum 30ml",[''],[13900000000],5,"Shop giao hàng nhanh, đóng chắc chắn, hàng chuẩn, đợi dùng xem thế nào 😊😊"
"Tinh Chất giảm Thâm, Trắng Da Balance Active Formula Vitamin C Brightening Serum 30ml",[''],[12800000000],5,"Chất lượng sp ok! Không quá mạnh. Hợp với da hồn hợp như mình.
:)))))))))))"
"Tinh Chất giảm Thâm, Trắng Da Balance Active Formula Vitamin C Brightening Serum 30ml",[''],[12800000000],5,
"Tinh Chất giảm Thâm, Trắng Da Balance Active Formula Vitamin C Brightening Serum 30ml",[''],[12800000000],5,Da mình dùng ko có bị kích ứng dị ứng gì hết. Dùng mới 1 ngày 2 lần ko biết là ảo tưởng hay sao mà cậu bạn trai tưởng mình dùng kem chống nắng nâng tone ko á 😂. 
"Tinh Chất giảm Thâm, Trắng Da Balance Active Formula Vitamin C Brightening Serum 30ml",[''],[12500000000],5,"Mua lần đầu , chưa sd bao gio, cũng ko bit cách ktr hàng auth hay pha ke, nhìn sirum bằng mắt thg thì trong suốt, hy vọng ko đặt niềm tin nhầm chổ"
"Tinh Chất giảm Thâm, Trắng Da Balance Active Formula Vitamin C Brightening Serum 30ml",[''],[13900000000],5,"Giao hàng nhanh! Đóng gói cẩn thận
Chưa xài nên chưa biết như thế nào"
"Tinh Chất giảm Thâm, Trắng Da Balance Active Formula Vitamin C Brightening Serum 30ml",[''],[13500000000],5,Sản phẩm tuyệt vời giao hàng nhanh hàng auth chất lượng tốt 👌 anh
"Tinh Chất giảm Thâm, Trắng Da Balance Active Formula Vitamin C Brightening Serum 30ml",[''],[13900000000],5,"Shop đóng gói cẩn thận, thời gian giao hàng cũng khá nhanh...."
"Tinh Chất giảm Thâm, Trắng Da Balance Active Formula Vitamin C Brightening Serum 30ml",[''],[14900000000],5,"Chưa dung nma thấy rì viu tốt nên mua ạaaaaaaaaaaaaaaaaaaaaaaăaaaăaaaaaa
"
"Tinh Chất giảm Thâm, Trắng Da Balance Active Formula Vitamin C Brightening Serum 30ml",[''],[12800000000],5,"Mình dùng chai này là chai thứ 2 rồi á mọi người. Dùng thì da cải thiện hơn rất nhiều luôn. Serum hỗ trợ cho màu da đều hơnn và sáng hơn luôn hơn nữa có thể hỗ trợ cho da mặt thâm mụn nha, giá hssv luônn . Nói chung là serum quốc dân í. Nên dùng đi nè mn"
"Tinh Chất giảm Thâm, Trắng Da Balance Active Formula Vitamin C Brightening Serum 30ml",[''],[13900000000],5,"Đóng gói sản phẩm kỹ 
Mùi thơm dịu 
Sản phẩm bên ngoài là lọ nhựa 
Nói chung là oki"
"Tinh Chất giảm Thâm, Trắng Da Balance Active Formula Vitamin C Brightening Serum 30ml",[''],[14900000000],5,Mua cái trước chưa đc mấy ngày bị thằng .vn chưa đc 1 tuổi đổ đi r giờ mua cái khác
"Tinh Chất giảm Thâm, Trắng Da Balance Active Formula Vitamin C Brightening Serum 30ml",[''],[13500000000],5,Abskoaksbdndjdjjwjsnnnfnfn
"Tinh Chất giảm Thâm, Trắng Da Balance Active Formula Vitamin C Brightening Serum 30ml",[''],[14900000000],5,Mình dùng ko bị kích ứng gì hết nè. Mùi thơm lắm ạ 🥰 dùng buổi sáng thôi cũng dc
"Tinh Chất giảm Thâm, Trắng Da Balance Active Formula Vitamin C Brightening Serum 30ml",[''],[13500000000],5,"Hakisifkcmdkekdkckekckdeodocoenen
Chất lươngk tốt, đáng mua , đúng mẫu sản phẩm."
"Tinh Chất giảm Thâm, Trắng Da Balance Active Formula Vitamin C Brightening Serum 30ml",[''],[14900000000],5,"Shop nhiệt tình, nhận hàng cũng khá nhanh, serum thơm lắm mà mới dùng chưa biết hiệu quả ntn 😍 nếu hiệu quả sẽ mua tiếp , ko có ảnh hàng nên lqays tạm ảnh khác"
"Tinh Chất giảm Thâm, Trắng Da Balance Active Formula Vitamin C Brightening Serum 30ml",[''],[12500000000],5,"Sản phẩm được đóng gói kỹ càng, giao hàng nhanh chóng. Khi dùng sản phẩm có mùi thơm dịu nhẹ."
"Tinh Chất giảm Thâm, Trắng Da Balance Active Formula Vitamin C Brightening Serum 30ml",[''],[12500000000],5,"Hình ảnh mang tính lấy xu
Shop giao hàng nhanh
Chưa sử dụng nên chưa biết có hiệu quả không
Đóng gói cận thận"
"Tinh Chất giảm Thâm, Trắng Da Balance Active Formula Vitamin C Brightening Serum 30ml",[''],[13500000000],5,"Hàng ok,mua nhiều lần nhưng vẫn mua lại. Hình ảnh chỉ mang tính chất nhận xử
"
"Tinh Chất giảm Thâm, Trắng Da Balance Active Formula Vitamin C Brightening Serum 30ml",[''],[12500000000],5,Shop giao hàng nhanh đóng gói kĩ càng sp như hình chất lượng đáng tiền 💯 nên mua nha mn em này thì khỏi chê giá học sinh chất lượng cũng khá Oke nhưng có điều hơi chậm còn lại là 10đ
"Tinh Chất giảm Thâm, Trắng Da Balance Active Formula Vitamin C Brightening Serum 30ml",[''],[13900000000],5,"Giao hàng nhanh, đóng gói kĩ càng. Anh shiper giao hàng vui tính, dễ thương "
"Tinh Chất giảm Thâm, Trắng Da Balance Active Formula Vitamin C Brightening Serum 30ml",[''],[12800000000],5,"Mùi thơm như nước hoa zậy ớ
Đkkdkdkdkdmxmxmdmdmxmxmxmxxjxjxhd"
"Tinh Chất giảm Thâm, Trắng Da Balance Active Formula Vitamin C Brightening Serum 30ml",[''],[14900000000],5,Đóng gói kĩ. Mong là sp hiệu quả Okkkkkkkkkkkkkkkkkkkkkkmk
"Tinh Chất giảm Thâm, Trắng Da Balance Active Formula Vitamin C Brightening Serum 30ml",[''],[12900000000],5,"Đóng gói sản phẩm rất tốt 
Shipper thân thiện
Chất dạng lỏng có mùi thơm"
"Tinh Chất giảm Thâm, Trắng Da Balance Active Formula Vitamin C Brightening Serum 30ml",[''],[14900000000],5,Govovogpgfysyduvkbobkcyx
"Tinh Chất giảm Thâm, Trắng Da Balance Active Formula Vitamin C Brightening Serum 30ml",[''],[12800000000],5,"sản phẩm được bọc kĩ ạ
dùng khá là thích , ổn áp , giao hàng nhanhhhh"
"Tinh Chất giảm Thâm, Trắng Da Balance Active Formula Vitamin C Brightening Serum 30ml",[''],[14900000000],5,Whjhh3hhsshhavshajjrbbdhsussgdhrhsbjajajahshhdbsbsbdbejjshsa
"Tinh Chất giảm Thâm, Trắng Da Balance Active Formula Vitamin C Brightening Serum 30ml",[''],[14900000000],5,Ppppppp
"Tinh Chất giảm Thâm, Trắng Da Balance Active Formula Vitamin C Brightening Serum 30ml",[''],[14900000000],5,Sử dụng được 2 tuần nhưng chưa có hiệu quả gì ??????..............
"Tinh Chất giảm Thâm, Trắng Da Balance Active Formula Vitamin C Brightening Serum 30ml",[''],[13500000000],5,sản phẩm ok giá rẻ do săn sale được nhưng giao hàng hơi lâu ạ 🥰🥰🥰
"Tinh Chất giảm Thâm, Trắng Da Balance Active Formula Vitamin C Brightening Serum 30ml",[''],[12800000000],5,"Thời gian  giao hàng nhanh,,,, ,đóng gói cẩn thận.,............."
"Tinh Chất giảm Thâm, Trắng Da Balance Active Formula Vitamin C Brightening Serum 30ml",[''],[12800000000],5,"Giao nhanh giá rẻ, đóng gói cẩn thận, hy vọng là chính hãng ...."
"Tinh Chất giảm Thâm, Trắng Da Balance Active Formula Vitamin C Brightening Serum 30ml",[''],[14900000000],5,"Cde đrcewqfvvh cd.   HhccxzSvhf₫!?,..)!  Cxzzzfbklogfdzbjxz"
"Tinh Chất giảm Thâm, Trắng Da Balance Active Formula Vitamin C Brightening Serum 30ml",[''],[12900000000],5,"Đóng gói rất cẩn thận, thấm nhanh đã sử dụng rồi thấy hiệu quả."
"Tinh Chất giảm Thâm, Trắng Da Balance Active Formula Vitamin C Brightening Serum 30ml",[''],[14900000000],5,"Giao hàng nhanh, gói kĩ, sản phẩm thơm nhẹ, nchung là rất vừa ý "
"Tinh Chất giảm Thâm, Trắng Da Balance Active Formula Vitamin C Brightening Serum 30ml",[''],[13500000000],5,Sản phẩm ổn 
"Tinh Chất giảm Thâm, Trắng Da Balance Active Formula Vitamin C Brightening Serum 30ml",[''],[13500000000],5,Đóng gói kỹ càng 😍
"Tinh Chất giảm Thâm, Trắng Da Balance Active Formula Vitamin C Brightening Serum 30ml",[''],[12800000000],5,mua hàng shoppe mall nên k lo hàng fake ằnlabxlabxjavavavdjqjd
"Tinh Chất giảm Thâm, Trắng Da Balance Active Formula Vitamin C Brightening Serum 30ml",[''],[13500000000],5,"đóng gói ok, chưa sài nên kbiet như nào, shipper dễ thương 😍😍😍"
"Tinh Chất giảm Thâm, Trắng Da Balance Active Formula Vitamin C Brightening Serum 30ml",[''],[13500000000],5,Đã muaaaaa ở shoppppp nhiềuuu lần và lầnnnnn nào cũng ưngggggg
"Tinh Chất giảm Thâm, Trắng Da Balance Active Formula Vitamin C Brightening Serum 30ml",[''],[12900000000],5,"giao hàng nhanh, đủ, date lâu, hài lòng với sản phẩm này......"
"Tinh Chất giảm Thâm, Trắng Da Balance Active Formula Vitamin C Brightening Serum 30ml",[''],[12500000000],5,"Mới mua lần đầu chưa biết dùng như thế nào
Để sài một thgian roi quay lại"
"Tinh Chất giảm Thâm, Trắng Da Balance Active Formula Vitamin C Brightening Serum 30ml",[''],[13500000000],5,"Đóng gói hàng cẩn thận, giao hàng nhanh"
"Tinh Chất giảm Thâm, Trắng Da Balance Active Formula Vitamin C Brightening Serum 30ml",[''],[14900000000],5,"Vì là hàng Mall nên rất yên tâm. Mình hơi khá bất ngờ lúc nhận hàng vì hơi nhẹ, mở ra mới biết là serum được chứa trong chai nhựa. Serum thơm nhẹ, thoa lên da rất đã. Mình mới sử dụng 2 lần thôi. Nếu hiệu quả sẽ ghé thăm lại shop ạ! "
"Tinh Chất giảm Thâm, Trắng Da Balance Active Formula Vitamin C Brightening Serum 30ml",[''],[14900000000],5,Jajshdvdbdkskakavdbchckakabsbdjdkdkanabx
"Tinh Chất giảm Thâm, Trắng Da Balance Active Formula Vitamin C Brightening Serum 30ml",[''],[13500000000],5,"Giao hàng nhanh , uy tín , pv tốt …………………………………………………………….."
"Tinh Chất giảm Thâm, Trắng Da Balance Active Formula Vitamin C Brightening Serum 30ml",[''],[14900000000],5,Sản phẩm giống mô tả. Mua ở shop mall nên tin tưởng chứ k biết ntn nữa
"Tinh Chất giảm Thâm, Trắng Da Balance Active Formula Vitamin C Brightening Serum 30ml",[''],[13500000000],5,Giao hàng nhanh và đủ số lượng. Hộp không thấy có dán tem. Mua ở mall nên tin tưởng chứ mình cũng không biết check mã thế nào.
"Tinh Chất giảm Thâm, Trắng Da Balance Active Formula Vitamin C Brightening Serum 30ml",[''],[14900000000],5,Hwvshe  sjsbsis sssbs sínka ặ sksmsisoaiabdid êmlwjsmnwww
"Tinh Chất giảm Thâm, Trắng Da Balance Active Formula Vitamin C Brightening Serum 30ml",[''],[14900000000],5,
"Tinh Chất giảm Thâm, Trắng Da Balance Active Formula Vitamin C Brightening Serum 30ml",[''],[14900000000],5,"Shopee express hcm giao hàng siêu lâu, đặt 14 mà 20 mới nhận duoecj "
"Tinh Chất giảm Thâm, Trắng Da Balance Active Formula Vitamin C Brightening Serum 30ml",[''],[12500000000],5,Cfzbdbdbhshshd
"Tinh Chất giảm Thâm, Trắng Da Balance Active Formula Vitamin C Brightening Serum 30ml",[''],[13500000000],5,"Sp thấm nhanh ko hề bit chân lông mới dung ,hai ngày nên chưa thấy hiệu quả lm .ok .cám onraats nhiều"
"Tinh Chất giảm Thâm, Trắng Da Balance Active Formula Vitamin C Brightening Serum 30ml",[''],[12500000000],5,"Mùi hơi hắc hơi dính , ko biết có ổn không mua dùng svbdsgjfhfjvkvmcmcjcjchcnc"
"Tinh Chất giảm Thâm, Trắng Da Balance Active Formula Vitamin C Brightening Serum 30ml",[''],[12800000000],5,Hàng mua bên link c Vo Ha Linh nên check ra ngay
"Tinh Chất giảm Thâm, Trắng Da Balance Active Formula Vitamin C Brightening Serum 30ml",[''],[12900000000],5,Check mã ok 🥰🥰😔kkakhahxnsbsnsa
"Tinh Chất giảm Thâm, Trắng Da Balance Active Formula Vitamin C Brightening Serum 30ml",[''],[12500000000],5,"Chưa sửa dụng nên không biết hiệu quả như nào, nhưng cứ vote 5*"
"Tinh Chất giảm Thâm, Trắng Da Balance Active Formula Vitamin C Brightening Serum 30ml",[''],[13800000000],5,Chưa sử dụng nên chưa biết chất lượng mua trước về rồi đề sd sau
"Tinh Chất giảm Thâm, Trắng Da Balance Active Formula Vitamin C Brightening Serum 30ml",[''],[12500000000],5,"Chất lượng sp tuyệt vời
Shop giao hàng nhanh
Shipper dễ thương
Đóng gói sp chắc chắn"
"Tinh Chất giảm Thâm, Trắng Da Balance Active Formula Vitamin C Brightening Serum 30ml",[''],[12500000000],5,"Chất lượng 
Xvksgsge
Nsksshvenxske ủng d
Mxbdjekdbbxksdh
Hsbc"
"Tinh Chất giảm Thâm, Trắng Da Balance Active Formula Vitamin C Brightening Serum 30ml",[''],[12500000000],5,Sảm phẩm ok .hhebjbdjdndbnznbxnxndvzkvdjbvvddssghhjvcfg
"Tinh Chất giảm Thâm, Trắng Da Balance Active Formula Vitamin C Brightening Serum 30ml",[''],[12500000000],5,Nhìn lọ nhỏ nhỏ trông khá xinh mùi khá dễ chịu mới dùng nên chưa biết như nào nhưng đc cái giá rẻ nên k đòi hỏi quá nhiều
"Tinh Chất giảm Thâm, Trắng Da Balance Active Formula Vitamin C Brightening Serum 30ml",[''],[14900000000],5,"Mua của shop mấy lần, dùng oke lắm ạ. Sẽ ủng hộ thêm ❤️❤️❤️❤️❤️❤️❤️❤️❤️❤️❤️❤️❤️ mình gửi ảnh klq lắm sorry shop"
"Tinh Chất giảm Thâm, Trắng Da Balance Active Formula Vitamin C Brightening Serum 30ml",[''],[13500000000],5,
"Tinh Chất giảm Thâm, Trắng Da Balance Active Formula Vitamin C Brightening Serum 30ml",[''],[12500000000],5,"Cúi đầu làm cỏ dại
Ngẩng đầu làm bông lúaCái CMt8 á..nguyên nhân qtr nhất để giành thắng lợi là gì vdelegation "
"Tinh Chất giảm Thâm, Trắng Da Balance Active Formula Vitamin C Brightening Serum 30ml",[''],[14900000000],5,"Chất dễ tán, thấm nhanh, có hương liệu nên có mùi nhẹ nhẹ (theo mình cảm nhận), vitamin C mình xài buổi sáng để kết hợp vs kcn, hộp bị móp do vận chuyển."
"Tinh Chất giảm Thâm, Trắng Da Balance Active Formula Vitamin C Brightening Serum 30ml",[''],[13500000000],5,
"Tinh Chất giảm Thâm, Trắng Da Balance Active Formula Vitamin C Brightening Serum 30ml",[''],[14900000000],5,"Tất cả chỉ mang tính chất kiếm xu. 
Sản phẩm ch dùng qua nên chưa biết đóng gói cẩn thận."
"Tinh Chất giảm Thâm, Trắng Da Balance Active Formula Vitamin C Brightening Serum 30ml",[''],[12500000000],5,Serum nhỏ hhơn tưởng tượng yyatayafsgwuyahakajabAnsjsss
"Tinh Chất giảm Thâm, Trắng Da Balance Active Formula Vitamin C Brightening Serum 30ml",[''],[14900000000],5,Dùng da chưa cải thiện lắm ncl cũng chưa ăn thuaaaaa 😭😭😭😭😭😭😭😭😭😭😭😭😭😭😭😭
"Tinh Chất giảm Thâm, Trắng Da Balance Active Formula Vitamin C Brightening Serum 30ml",[''],[12900000000],5,Okkk
"Tinh Chất giảm Thâm, Trắng Da Balance Active Formula Vitamin C Brightening Serum 30ml",[''],[13500000000],5,"Giao hàng nhanh, serum rất có mùi rất thơm. Đóng gói cẩn thận."
"Tinh Chất giảm Thâm, Trắng Da Balance Active Formula Vitamin C Brightening Serum 30ml",[''],[12500000000],5,Jhajajjamannznsnnannansnmsmdmmdmsmanamamsmaamahr
"Tinh Chất giảm Thâm, Trắng Da Balance Active Formula Vitamin C Brightening Serum 30ml",[''],[12500000000],5,"Giao hàng nhanh sp mới sử dụng nên chưa biết dc hiệu quả, hình ảnh chỉ mang tính chất nhận xu 😂 vsbsjskanabsbdbhdjsaj"
"Tinh Chất giảm Thâm, Trắng Da Balance Active Formula Vitamin C Brightening Serum 30ml",[''],[12500000000],5,
"Tinh Chất giảm Thâm, Trắng Da Balance Active Formula Vitamin C Brightening Serum 30ml",[''],[12500000000],5,"sản phẩm đóng gói cẩn thận 
chưa dùng nhưng thấy giá vậy là OK rồi "
"Tinh Chất giảm Thâm, Trắng Da Balance Active Formula Vitamin C Brightening Serum 30ml",[''],[13500000000],5,
"Tinh Chất giảm Thâm, Trắng Da Balance Active Formula Vitamin C Brightening Serum 30ml",[''],[13800000000],5,"Dưỡng ẩm tốt, mờ thâm sáng da thì chưa rõ, hợp với người vừa tập sd vtm C. Mùi hương nhẹ,  dễ chịu, không nồng như mọi người hay bảo. Mua săn sale nên khá là ưng. "
"Tinh Chất giảm Thâm, Trắng Da Balance Active Formula Vitamin C Brightening Serum 30ml",[''],[12500000000],4,"hộp méo, nhìn cũ, hộp đã bị mở ra, Giao hàng nhanh !!!!!!!!!!!"
"Tinh Chất giảm Thâm, Trắng Da Balance Active Formula Vitamin C Brightening Serum 30ml",[''],[14900000000],4,"Mùi thơm, mới sài được 2 ngày k biết có hiệu quả hay k, lần đầu mua ở shop mong có hiệu quả tốt. Nhưng  sao kêu tặng mặt nạ, lúc nhận hàng thì lại k có tặng j hết . Chấm hỏi "
"Tinh Chất giảm Thâm, Trắng Da Balance Active Formula Vitamin C Brightening Serum 30ml",[''],[13500000000],5,"Cửa hàng đồ gỗ Kim Thọ chuyên cung cấp :
- Két sắt các loại 
- Nội thất văn phòng và trường học
- Nhận làm theo mẫu khách hàng 

ĐỒ GỖ KIM THỌ
172 Bạch Đằng, p.24, q. Bình Thạnh, TPHCM
 DĐ   : 0909882776
Zalo : 0906821208"
"Tinh Chất giảm Thâm, Trắng Da Balance Active Formula Vitamin C Brightening Serum 30ml",[''],[12500000000],5,"hợp túi tiền lại không gây dị ứng, sp rất đáng mua nhé, xài phải từ 2 chai trở lên mới tác dụng nha"
"Tinh Chất giảm Thâm, Trắng Da Balance Active Formula Vitamin C Brightening Serum 30ml",[''],[13800000000],5,"Giao hàng nhanh, chưa dùng nên chưa biết, mong sử dụng hiệu quả"
"Tinh Chất giảm Thâm, Trắng Da Balance Active Formula Vitamin C Brightening Serum 30ml",[''],[14900000000],5,"://play.google.com/store/apps/details?id=com.bhx
Đây nhé mn ơiiiiiiiii
Bộ skincare ao ước 
Nói thật cx hơi tiếc klair 1 tí
Mình tìm hiểu thêm thì dòng skin 1004 rau má ổn áp mà đc các beauty blogger recommned hơn đấy 
Thôi thì thay cho toner "
"Tinh Chất giảm Thâm, Trắng Da Balance Active Formula Vitamin C Brightening Serum 30ml",[''],[14900000000],5,Dùng siêu thích ạ
"Tinh Chất giảm Thâm, Trắng Da Balance Active Formula Vitamin C Brightening Serum 30ml",[''],[13500000000],5,"Đóng gói ok, giao nhanh, sản phẩm giao đầy đủ, serum dạng nước thấm nhanh"
"Tinh Chất giảm Thâm, Trắng Da Balance Active Formula Vitamin C Brightening Serum 30ml",[''],[12500000000],5,Giao hàng nhanh. Thấy review nên mua dùng thử. Mong là sẽ ko bị kích ứng. Nếu hiệu quả sẽ mua tiếp :))
"Tinh Chất giảm Thâm, Trắng Da Balance Active Formula Vitamin C Brightening Serum 30ml",[''],[13500000000],5,Giao hàng thiệt tình nhanh quá nhanh. Sản phẩm tốt sẽ tiếp tục ủng hộ
"Tinh Chất giảm Thâm, Trắng Da Balance Active Formula Vitamin C Brightening Serum 30ml",[''],[13800000000],5,"Thấy mọi người review sản phẩm này rất nhiều, có vẻ tốt nhưng hiệu quả từ từ
Vì là hàng của shopee mall nên khá yên tâm, mùi của serum dịu nhẹ dễ thẩm thấu và lại mua đúng lúc đang sale nên khá ổn ạ"
"Tinh Chất giảm Thâm, Trắng Da Balance Active Formula Vitamin C Brightening Serum 30ml",[''],[12500000000],4,
"Tinh Chất giảm Thâm, Trắng Da Balance Active Formula Vitamin C Brightening Serum 30ml",[''],[14900000000],5,Giao hàng nhanh. Đóng gói kĩ càng.abcdexyzqwertyuiopp khạdjbfkrkenbshwwkkfbfvdbdjxbdnekđkmdbẹwưývtjrkkbdvưevhs sbwkajvdbdjvsjrndjfkkr
"Tinh Chất giảm Thâm, Trắng Da Balance Active Formula Vitamin C Brightening Serum 30ml",[''],[12500000000],5,Ksjjsjsjsksis djjsjsjsjuwuwuw dhjdjdjdudud dhjdjdjdjdjdj
"Tinh Chất giảm Thâm, Trắng Da Balance Active Formula Vitamin C Brightening Serum 30ml",[''],[14900000000],5,"Lọ nhỏ so với tưởng tượng :))))
Mùi ổn 
Mong dùng tốt 
Shop giao đúng hẹn"
"Tinh Chất giảm Thâm, Trắng Da Balance Active Formula Vitamin C Brightening Serum 30ml",[''],[12900000000],5,mua được giá sale nên ưng cái bụng lắm luôn ấy hhhhhh để dùng xem có ok không hàng chính hãng nha mọi ngưòi
"Tinh Chất giảm Thâm, Trắng Da Balance Active Formula Vitamin C Brightening Serum 30ml",[''],[12500000000],5,Shop giao đầy đủ.  Serum xài thik đã mua và quay lại mua thêm nè . Giao hàng nhanh 
"Tinh Chất giảm Thâm, Trắng Da Balance Active Formula Vitamin C Brightening Serum 30ml",[''],[13800000000],5,"Giao nhanh, sản phẩm chất lượng, giá hợp lí, ko chụp hình đc sorry shop"
"Tinh Chất giảm Thâm, Trắng Da Balance Active Formula Vitamin C Brightening Serum 30ml",[''],[12900000000],5,"Giao hàng nhanh chóng 👍👍
Đóng gói cẩn thận 👍👍
Chưa từng xài loại này nên không biết thế nào hy vọng là hợp vs da mình 😁"
"Tinh Chất giảm Thâm, Trắng Da Balance Active Formula Vitamin C Brightening Serum 30ml",[''],[13800000000],5,"Shop giao đủ hàng và đóng gói cẩn thận, hàng giống y như hình mỗi tội hộp to mà trông cái chai bé xinh hơi buồn cười 😅"
"Tinh Chất giảm Thâm, Trắng Da Balance Active Formula Vitamin C Brightening Serum 30ml",[''],[12500000000],5,"Giao hàng nhanh đóng gói chắc chắn . Đặt sáng là chiều giao tới rồi . Chưa sd nên chưa biết ntn. Mùi rất thơm, dịu nhẹ "
"Tinh Chất giảm Thâm, Trắng Da Balance Active Formula Vitamin C Brightening Serum 30ml",[''],[12500000000],5,"Serum lỏng màu cam nhạt, có mùi thơm nhẹ
Được rcm nhiều nên mua dùng thử chưa biết hiệu quả ntn"
"Tinh Chất giảm Thâm, Trắng Da Balance Active Formula Vitamin C Brightening Serum 30ml",[''],[13800000000],5,"Mua shoppee mall cũng yên tâm mà khi nhận về hơi lo tại kh giống với mấy chai cũ 
Check ra là hàng auth 
Balence ra mẫu mới nên các bạn yên tâm nha"
"Tinh Chất giảm Thâm, Trắng Da Balance Active Formula Vitamin C Brightening Serum 30ml",[''],[14900000000],5,"Chưa biết hàng như thế nào, đang đợi test, chúc shop bán đắt. Cám ơn shop"
"Tinh Chất giảm Thâm, Trắng Da Balance Active Formula Vitamin C Brightening Serum 30ml",[''],[14900000000],5,Gghjkkcf hsn xmmznznzn nzjz akM nnapaknsbnnjsnsjzjamNnsmskakmz
"Tinh Chất giảm Thâm, Trắng Da Balance Active Formula Vitamin C Brightening Serum 30ml",[''],[13500000000],5,"Shop đóng gói chắc chắn,giao hàng nhanh,sp nhìn chung có vẻ ổn m.n ạ"
"Tinh Chất giảm Thâm, Trắng Da Balance Active Formula Vitamin C Brightening Serum 30ml",[''],[14900000000],5,Sản phẩm đúng như mô tả. Shop đóng gói cẩn thận. Giao hàng nhanh
"Tinh Chất giảm Thâm, Trắng Da Balance Active Formula Vitamin C Brightening Serum 30ml",[''],[12500000000],5,Đóng gói cẩn thận chắc chắn. Chưa dùng nên chưa biết kết quả. Tháng sau mìn quay lại review nhéeeeeeeeeeeeeeeeeeeeeeeeeeee
"Tinh Chất giảm Thâm, Trắng Da Balance Active Formula Vitamin C Brightening Serum 30ml",[''],[13800000000],5,Sản phẩm đóng gói cẩn thận. Mình nhận đc hàng cx khá hài lòng vì sp ko bị ảnh hưởng gì.
"Tinh Chất giảm Thâm, Trắng Da Balance Active Formula Vitamin C Brightening Serum 30ml",[''],[14900000000],5,"Chưa dùng thử nên chưa biết, hàng gói cẩn thận, giao hàng nhanh"
"Tinh Chất giảm Thâm, Trắng Da Balance Active Formula Vitamin C Brightening Serum 30ml",[''],[12500000000],5,Đọc bình luận thấy sản phẩm tốt nên đặt dùng thử xem s🙃🙃🙃🙃🙃🙃🙃🙃
"Tinh Chất giảm Thâm, Trắng Da Balance Active Formula Vitamin C Brightening Serum 30ml",[''],[12500000000],5,Shop giao hàng nhanh. Do chưa sử dụng nên chưa thể đánh giá được chất lượng của sản phẩm
"Tinh Chất giảm Thâm, Trắng Da Balance Active Formula Vitamin C Brightening Serum 30ml",[''],[13500000000],5,"Shop đóng gói hàng cẩn thận, thời gian giao hàng nhanh. Hiệu quả hay không thì phải dùng mới biết đc. "
"Tinh Chất giảm Thâm, Trắng Da Balance Active Formula Vitamin C Brightening Serum 30ml",[''],[13500000000],5,Hình ảnh chỉ mang tính chất lấy xu 😂😂😂😂😂😂😂😂😂😂😂😂😂😂😂😂😂😂😂😂😂oo
"Tinh Chất giảm Thâm, Trắng Da Balance Active Formula Vitamin C Brightening Serum 30ml",[''],[14900000000],5,"Hàng ngon,bổ, rẻ. Mình nhận được hàng ưng ý luôn sản phẩm đẹp  Shop phục vụ chu đáo nhiệt tình. Luôn ủng hộ shop. Chúc shop làm ăn phát đạt."
"Tinh Chất giảm Thâm, Trắng Da Balance Active Formula Vitamin C Brightening Serum 30ml",[''],[12500000000],5,"Serum mùi bthg,  k quá nồng,  vỏ nhựa,  chưa dùng thử chưa bt sao nhưng test ra tay thâye thấm nha h texture đc"
"Tinh Chất giảm Thâm, Trắng Da Balance Active Formula Vitamin C Brightening Serum 30ml",[''],[13500000000],5,"Đóng gói chắc chăn đất ưng gicgicgcigicigcgi gixigcigcxgigxigixigxig,gi,"
"Tinh Chất giảm Thâm, Trắng Da Balance Active Formula Vitamin C Brightening Serum 30ml",[''],[12500000000],5,"Giao hàng nhanhh, sp chưa sd nên chưa biết hiệu quả
nhưng giá khá ổn và riew về sp cũng tốt
"
"Tinh Chất giảm Thâm, Trắng Da Balance Active Formula Vitamin C Brightening Serum 30ml",[''],[14900000000],5,"Sản phẩm đóng gói tốt. Chất lượng thì chưa dùng nên chưa biết. Giao hàng nhanh. Nói chung là ok........................................      Okokikikikikkkkkkkokkkkkkkokokikikikiikokokikiikk               
"
"Tinh Chất giảm Thâm, Trắng Da Balance Active Formula Vitamin C Brightening Serum 30ml",[''],[12900000000],5,"Chất lượng sản phẩm tuyệt vời 
Thời gian giao hàng nhanh chóng 
Rất đáng tiền 
(Hình ảnh chỉ mang tính chất nhận xu thôi nha ><) "
"Tinh Chất giảm Thâm, Trắng Da Balance Active Formula Vitamin C Brightening Serum 30ml",[''],[12900000000],5,Shop đóng gói kỹ. Giao hàng nhanh. Chưa sử dụng nên ko biết chất lượng ntn. Hy vọng tốt. Mà ko hiểu sao ko cho hình lên đc. 
"Tinh Chất giảm Thâm, Trắng Da Balance Active Formula Vitamin C Brightening Serum 30ml",[''],[12900000000],5,"Mình dùng sp này nhiều rồi, rất ưng nên lại đắt mua tiếp, mua đúng hôm sale 4.4 nên dc giá siêu ưu đãi, đóng hàng cẩn thận, mội người nên mua"
"Tinh Chất giảm Thâm, Trắng Da Balance Active Formula Vitamin C Brightening Serum 30ml",[''],[12500000000],4,K ưng lắm vì lọ k có tem nên khó phân biệt 🤔🤔🤔🤔🤔🤔🤔🤔🤔🤔👉🤔👉🤔👉👉🤔🤔🤔
"Tinh Chất giảm Thâm, Trắng Da Balance Active Formula Vitamin C Brightening Serum 30ml",[''],[14900000000],5,Shop giao cho mk nhầm hàng nhưng shop đã xử lí nhanh gọn lẹ nên ok lắm ạ. Hàng auth nha m.n . Chất lỏng như nước mùi thơm lắm luôn ạ 
"Tinh Chất giảm Thâm, Trắng Da Balance Active Formula Vitamin C Brightening Serum 30ml",[''],[14900000000],5,"E cần 1 cô/ chị giúp lau dọn nhà khu vực nội ô Long Khánh.
50k/ giờ, dọn tầm 2 giờ là xong. 
Gói hàng hơi lỏng lẻo, ship nhanh, đánh giá 4 sao"
"Tinh Chất giảm Thâm, Trắng Da Balance Active Formula Vitamin C Brightening Serum 30ml",[''],[13500000000],5,Giao hàng nhanh hàng đảm bảo. Chưa biết có hợp với da hay k nhưng sẽ dùng thử 1 thời gian.
"Tinh Chất giảm Thâm, Trắng Da Balance Active Formula Vitamin C Brightening Serum 30ml",[''],[12500000000],5,Gái rẻ sd cũng ok đóng gói hàng kĩ giao hàng nhanh rất thích lấy xuuuu
"Tinh Chất giảm Thâm, Trắng Da Balance Active Formula Vitamin C Brightening Serum 30ml",[''],[13800000000],5,"Mua lần 2 
Nhưng có vẻ ra vẫn k đc trắng ra chút nào 😪😪😪😪😪😪😪😪😪mong cải thiện đc làn da này "
"Tinh Chất giảm Thâm, Trắng Da Balance Active Formula Vitamin C Brightening Serum 30ml",[''],[12900000000],5,"Chât lượng sản phẩm tốt, mình sử dụng thấy da sáng hơn, trắng hơn"
"Tinh Chất giảm Thâm, Trắng Da Balance Active Formula Vitamin C Brightening Serum 30ml",[''],[13500000000],5,Gia dụng truong phụng tuyển sỉ toàn quốc giá cả cạnh tranh đầu thùng giá tốt
"Tinh Chất giảm Thâm, Trắng Da Balance Active Formula Vitamin C Brightening Serum 30ml",[''],[14900000000],5,Vì là mình đã dùng qua rồi thấy có hiệu quả nên mua tiếp 🥰 vết thâm mụn giảm hẳn ý ạ sáng da nữa. Ok lắm ạ ❤️
"Tinh Chất giảm Thâm, Trắng Da Balance Active Formula Vitamin C Brightening Serum 30ml",[''],[12500000000],5,Nsksnbamannabiak
"Tinh Chất giảm Thâm, Trắng Da Balance Active Formula Vitamin C Brightening Serum 30ml",[''],[13500000000],5,Vtvtvtvtvtvyvyvvggxjgjgicjcicicicixjxixjxjxjcjcjcjcjcixicicicocofovifogogofoificicjcicicicovogigoficufifigogoficixicicicicifi
"Tinh Chất giảm Thâm, Trắng Da Balance Active Formula Vitamin C Brightening Serum 30ml",[''],[14900000000],5,Mở hộp ra thì cảm thấy hài lòng vì đóng gói rất kỹ. Shop giao hàng nhanh và giá ok nữa. 
"Tinh Chất giảm Thâm, Trắng Da Balance Active Formula Vitamin C Brightening Serum 30ml",[''],[13500000000],5,Shop giao hàng nhanh. Hy vong sài sẽ có hiệu quả .............
"Tinh Chất giảm Thâm, Trắng Da Balance Active Formula Vitamin C Brightening Serum 30ml",[''],[14900000000],5,Hàng mall nên yên tâm shsjđhđuuệudjdjdjfjfjfjfjfjfjfjfjfj
"Tinh Chất giảm Thâm, Trắng Da Balance Active Formula Vitamin C Brightening Serum 30ml",[''],[12900000000],5,"Shop giao hàng nhanh, đóng gói cẩn thận. Lúc khui hàng ko nghĩ là lọ serum sẽ bé xíu xiu vậy luôn. Em này nổi tiếng với ngon bổ rẻ rồi. Mình mua tặng mẹ để dùng kết hợp với các loại khác. Có tác dụng chắc cũng phải dùng hết mấy lọ"
"Tinh Chất giảm Thâm, Trắng Da Balance Active Formula Vitamin C Brightening Serum 30ml",[''],[13800000000],5,"Giá rẻ, chai nhựa , lần đầu dùng vitamin C nhưng không bị kích ứng gì, dùng ổn. "
"Tinh Chất giảm Thâm, Trắng Da Balance Active Formula Vitamin C Brightening Serum 30ml",[''],[14900000000],5,Giao hàng hơi chậm. Nhưng đóng gói sản phẩm rất cẩn thận luôn ♥️ 100 điểm cho gói hàng cẩn thận. Dùng lần đầu mong hợp da
"Tinh Chất giảm Thâm, Trắng Da Balance Active Formula Vitamin C Brightening Serum 30ml",[''],[13800000000],5,Thơm lọ nhựa nhẹ tay chất loãng sẽ ủng hộ shop tiếp vì chất lượng 
"Tinh Chất giảm Thâm, Trắng Da Balance Active Formula Vitamin C Brightening Serum 30ml",[''],[12900000000],5,"Chất lượng tốt, mùi diệu nhẹ, hơi châm chít cho mấy bạn da mỏng. Chưa xài nhiều nên khôngq biết có hiệu quả không. Rất thích."
"Tinh Chất giảm Thâm, Trắng Da Balance Active Formula Vitamin C Brightening Serum 30ml",[''],[14900000000],5,Xài thử mới biết nhưng không giống những lần trước mình mua.Mùi khá giống như chất serum lỏng hơn bình thường 
"Tinh Chất giảm Thâm, Trắng Da Balance Active Formula Vitamin C Brightening Serum 30ml",[''],[14900000000],5,có tác dụng nên mua thêm 1 lọ nữa. dùng mờ thâm hiệu quả thật lại còn rẻ. hiệu quả hơi chậm nên phải dùng lâu
"Tinh Chất giảm Thâm, Trắng Da Balance Active Formula Vitamin C Brightening Serum 30ml",[''],[13500000000],5,Ảnh mang tính chất nhận xuuuuuuuuuuuuuuuuuuuuuuuuuuuuuu
"Tinh Chất giảm Thâm, Trắng Da Balance Active Formula Vitamin C Brightening Serum 30ml",[''],[12500000000],5,"Hộp bị móp do vận chuyển nhưng ko sao.  Chất serum vàng hơn lần trước,  ko biết có phải do oxi hóa hay là do hãng update nữa. "
"Tinh Chất giảm Thâm, Trắng Da Balance Active Formula Vitamin C Brightening Serum 30ml",[''],[14900000000],5,"Đóng gói chắc chắn, kem dưỡng mùi hơi nồng,serum kha dịu nhẹ, tẩy tế bào chết với kem dưỡng có mùi tựa tựa nhau, chưa dùng nên k biết hiệu quả thế nào"
"Tinh Chất giảm Thâm, Trắng Da Balance Active Formula Vitamin C Brightening Serum 30ml",[''],[14900000000],5,"Đóng gói chắc chắn, chất lượng sản phẩm ok nhưng vỏ chai hơi dơ nhưng cũng tạm chấp nhận đc"
"Tinh Chất giảm Thâm, Trắng Da Balance Active Formula Vitamin C Brightening Serum 30ml",[''],[14900000000],5,"Xài êm lắm thấy cũng trắng da, mình xài chai này là chai thứ 2 rồi giá cũng rẻ mà chất lượng tốt "
"Tinh Chất giảm Thâm, Trắng Da Balance Active Formula Vitamin C Brightening Serum 30ml",[''],[14900000000],5,Giao hàng rất nhanh. Giao đầy đủ sản phẩm. Đóng gói sản phẩm đẹp và chắc chắn
"Tinh Chất giảm Thâm, Trắng Da Balance Active Formula Vitamin C Brightening Serum 30ml",[''],[14900000000],5,Shop làm ăn nhanh gọn lẹ đặt xong xác nhận rồi gói hàng luôn lập tức giao nhanh siêu tốc đặt tối sáng hôm sau có luôn chất lượng thì khỏi bàn👍
"Tinh Chất giảm Thâm, Trắng Da Balance Active Formula Vitamin C Brightening Serum 30ml",[''],[12500000000],5,..................................................
"Tinh Chất giảm Thâm, Trắng Da Balance Active Formula Vitamin C Brightening Serum 30ml",[''],[12900000000],5,
"Tinh Chất giảm Thâm, Trắng Da Balance Active Formula Vitamin C Brightening Serum 30ml",[''],[12900000000],5,Đã nhận được hàng. Lần đầu dùng vitc hãng này nên chưa bít sao. Đóng gói cẩn thận
"Tinh Chất giảm Thâm, Trắng Da Balance Active Formula Vitamin C Brightening Serum 30ml",[''],[13800000000],5,"Sp oke. Săn được lúc giảm giá,nên giá rẻ hơn mọi khi mn ạ. Chất lượng thì c biết ạ"
"Tinh Chất giảm Thâm, Trắng Da Balance Active Formula Vitamin C Brightening Serum 30ml",[''],[14900000000],5,Đong gói chắc chắn giao hàng nhanh. Hy vọng dùng sẽ có tác dụng. Đồ xịn xò
"Tinh Chất giảm Thâm, Trắng Da Balance Active Formula Vitamin C Brightening Serum 30ml",[''],[14900000000],5,"Chất lượng sản phẩm tốt.......... 
đóng gói sản phẩm cẩn thận "
"Tinh Chất giảm Thâm, Trắng Da Balance Active Formula Vitamin C Brightening Serum 30ml",[''],[13800000000],5,"Troi oi giao hàng lâu muốn xỉu up xỉu down, đặt từ 4/4 mà 11/4 mới nhận dc"
"Tinh Chất giảm Thâm, Trắng Da Balance Active Formula Vitamin C Brightening Serum 30ml",[''],[14900000000],5,Sài mát cực khi bỏ vào tủ lạnh 🥰 hiệu quả thì chưa biết 🤔hsbdbdnndnsnsmm
"Tinh Chất giảm Thâm, Trắng Da Balance Active Formula Vitamin C Brightening Serum 30ml",[''],[14900000000],5,"""You don't have to impress others. But. You have to express yourself""."
"Tinh Chất giảm Thâm, Trắng Da Balance Active Formula Vitamin C Brightening Serum 30ml",[''],[13500000000],5,"Sp dùng thẩm thấu nhanh, hiệu quả. Đã dùng đến lọ 2 rồi.đóng gói ok. Giao hàng nhanh"
"Tinh Chất giảm Thâm, Trắng Da Balance Active Formula Vitamin C Brightening Serum 30ml",[''],[12900000000],5,"Hàng đóng gói cẩn thận, giao hàng nhanh chóng. Hi vọng hàng chuẩn. Nếu ok sẽ ủng hộ tiếp"
"Tinh Chất giảm Thâm, Trắng Da Balance Active Formula Vitamin C Brightening Serum 30ml",[''],[13800000000],5,"Giao hàng khá nhanh,chưa dùng nên chưa biết có hợp với da mình hay khog ạaaaaaaa"
"Tinh Chất giảm Thâm, Trắng Da Balance Active Formula Vitamin C Brightening Serum 30ml",[''],[13900000000],5,Một số ảnh không liên quan đến món hàng lắm nhưng vẫn có ảnh và video của món hàng khi mình mở hàng ra đóng gói tạm ổn không bị bóp méo nhưng sao của Shopee mall mà không có team niên sản phẩm mình hơi thắc mắc chút xúi.chưa sử dụng nên chưa biết sản phẩm như thế nào mong nó sẽ ok để thay đổi làn da
"Tinh Chất giảm Thâm, Trắng Da Balance Active Formula Vitamin C Brightening Serum 30ml",[''],[12900000000],5,"Giao hàng nhanh. Đóng gói cẩn thận. Sản phẩm nhỏ gọn, hiệu quả thì phải đợi thời gian mới biết dc. serum có hương liệu màu vàng nhạt. Thoa lên da mau thấm. "
"Tinh Chất giảm Thâm, Trắng Da Balance Active Formula Vitamin C Brightening Serum 30ml",[''],[13800000000],5,"Vitamin C nên dùng vào buổi sáng nha,mua ở shopee mall nên khá tin tưởng, chỉ là không biết có hợp với mình không thôi."
"Tinh Chất giảm Thâm, Trắng Da Balance Active Formula Vitamin C Brightening Serum 30ml",[''],[13800000000],5,Mua về cái bị mụn nên kh dám xài luộndjdjdjjdjdjdjjdjxxixc
"Tinh Chất giảm Thâm, Trắng Da Balance Active Formula Vitamin C Brightening Serum 30ml",[''],[13800000000],5,"Sản phẩm có tác dụng trong việc làm sáng da, nhưng chậm nên cần dùng khoảng 2-3 chai mới có tác dụng rõ rệt."
"Tinh Chất giảm Thâm, Trắng Da Balance Active Formula Vitamin C Brightening Serum 30ml",[''],[12900000000],5,"Mua đợt 4/4 nên rẻ được chút ít, Shop giao hàng đóng gói kĩ, serum của shop auth khá an tâm"
"Tinh Chất giảm Thâm, Trắng Da Balance Active Formula Vitamin C Brightening Serum 30ml",[''],[13800000000],5,"Sản phẩm có mùi thơm, shopmall nên hi vọng sẽ là hàng chính hãng. Sử dụng 1 thời gian, hiệu quả sẽ mua tiếp"
"Tinh Chất giảm Thâm, Trắng Da Balance Active Formula Vitamin C Brightening Serum 30ml",[''],[14900000000],5,"Shop giao hàng siêu tốc zạ, đúng lúc m cần mà lại đc giao nhanh thế này rất vui lun, đc tư vấn bầu dùng đc nên cũng bon chen xem thế nào nè"
"Tinh Chất giảm Thâm, Trắng Da Balance Active Formula Vitamin C Brightening Serum 30ml",[''],[12900000000],5,Shop gói hàng cẩn thận. Chưa dùng bao giờ nên chưa biết này. Nếu ok sẽ ủng hộ shop lần sau
"Tinh Chất giảm Thâm, Trắng Da Balance Active Formula Vitamin C Brightening Serum 30ml",[''],[13500000000],5,"Đã nhận đc 
Dhjndjnsndjxnwjsnxjdsndndksnbehbdxjnsjwbdjd"
"Tinh Chất giảm Thâm, Trắng Da Balance Active Formula Vitamin C Brightening Serum 30ml",[''],[13800000000],5,"Đã mua hàng ở shop nhiều lần, gói hàng rất chắc chắn và hàng chuẩn chính hãng"
"Tinh Chất giảm Thâm, Trắng Da Balance Active Formula Vitamin C Brightening Serum 30ml",[''],[13800000000],5,"Serum này siêu hiệu quả cho thâm mụn, mọi người nên dùng thêm kem chống nắng để tăng hiệu quả nhé! "
"Tinh Chất giảm Thâm, Trắng Da Balance Active Formula Vitamin C Brightening Serum 30ml",[''],[14900000000],5,Shop đóng goi chắc chắn.chưa dùng nên chưa biết kqua tn.nếu hiệu quả sẽ ủng hộ shop.
"Tinh Chất giảm Thâm, Trắng Da Balance Active Formula Vitamin C Brightening Serum 30ml",[''],[12900000000],5,Okkkkkkkkkkkkkkkkkkkkkkkkkkk.....................
"Tinh Chất giảm Thâm, Trắng Da Balance Active Formula Vitamin C Brightening Serum 30ml",[''],[14900000000],5,"Serum nhỏ xinh, vì bao bì nhựa nên cầm nhẹ tay. Đúng kiểu gọn nhẹ vậy. Chưa dùng thử nên chưa đánh giá về hiệu quả nhưng mình thấy review của em nó cũng khá tích cực nên hy vọng là sẽ phù hợp với mình "
"Tinh Chất giảm Thâm, Trắng Da Balance Active Formula Vitamin C Brightening Serum 30ml",[''],[13800000000],5,"Sản phẩm tốt, đã dùng nhiều lần 
Bshshsbdbsjnahahahahhahahhahahahahahahahahahahhahahahahahahahahhahahaha"
"Tinh Chất giảm Thâm, Trắng Da Balance Active Formula Vitamin C Brightening Serum 30ml",[''],[12900000000],5,"Hàng giao nhanh đóng gói kĩ
Lần đầu tiên sử dụng sp này hy vọng có kq tốt"
"Tinh Chất giảm Thâm, Trắng Da Balance Active Formula Vitamin C Brightening Serum 30ml",[''],[13800000000],5,Chất lượng sản phẩm tuyệt vời không chê vào đâu được mịn màng và thơm lắm nha. Chính hãng
"Tinh Chất giảm Thâm, Trắng Da Balance Active Formula Vitamin C Brightening Serum 30ml",[''],[12900000000],5,Mua hàng của shop lúc nào cũng yên tâm về chất lượng. ♥️♥️♥️♥️♥️
"Tinh Chất giảm Thâm, Trắng Da Balance Active Formula Vitamin C Brightening Serum 30ml",[''],[14900000000],5,"hàng giao nhanhhhh,.okkkkkkkkkkkkkkkkkkkkkkkkkkkkkkk"
"Tinh Chất giảm Thâm, Trắng Da Balance Active Formula Vitamin C Brightening Serum 30ml",[''],[14900000000],5,Giao hàng cực nhanhhhh. Giao ngay chủ nhật. Mình từng sử dụng rồi. Hiệu quả cực kỳyyyy
"Tinh Chất giảm Thâm, Trắng Da Balance Active Formula Vitamin C Brightening Serum 30ml",[''],[12900000000],5,Thấy review tốt nên cũng ham hố dùng thử. Nếu hiệu quả sẽ ủng hộ tiếp 
"Tinh Chất giảm Thâm, Trắng Da Balance Active Formula Vitamin C Brightening Serum 30ml",[''],[13900000000],5,"Chưa Sài mà mua thêm chai thứ 2 cho bà chị, ngày săn sale mua qua link c Linh cho nên giá rẻ, mà do mua chai thứ 2 qua link nên giá hơn cao hơn chai trước ít vẫn 5*"
"Tinh Chất giảm Thâm, Trắng Da Balance Active Formula Vitamin C Brightening Serum 30ml",[''],[14900000000],5,"Mình chưa thấy thay đổi gì , mà apply lên thích lắm shop , căng mặt"
"Tinh Chất giảm Thâm, Trắng Da Balance Active Formula Vitamin C Brightening Serum 30ml",[''],[12900000000],5,"Đã nhận được hàng.
Shop đóng gói cẩn thận.
Đã mua sản phẩm này lần 2 ở shop rồi."
"Tinh Chất giảm Thâm, Trắng Da Balance Active Formula Vitamin C Brightening Serum 30ml",[''],[12900000000],5,"Giao hàng nhanh
Đóng gói sản phẩm chắc chắn
Có mùi thơm nhẹ, thấm nhanh, k bị bết rít
"
"Tinh Chất giảm Thâm, Trắng Da Balance Active Formula Vitamin C Brightening Serum 30ml",[''],[12900000000],5,Shop giao hàng nhanh và đủ số lượng! Mới xài nên không biết hiệu quả không nhưng nếu tốt sẽ ủng hộ tiếp!!
"Tinh Chất giảm Thâm, Trắng Da Balance Active Formula Vitamin C Brightening Serum 30ml",[''],[13500000000],5,"đóng gói cẩn thận, giao hàng hơi lâu 
............................"
"Tinh Chất giảm Thâm, Trắng Da Balance Active Formula Vitamin C Brightening Serum 30ml",[''],[12900000000],5,"Shop giao hàng nhanh, đóng gói kĩ càng. Đơn vị vận chuyển đa dạng, anh nhân viên shipper dễ thương."
"Tinh Chất giảm Thâm, Trắng Da Balance Active Formula Vitamin C Brightening Serum 30ml",[''],[14900000000],5,giao hàng nhanh đóng gói sản phẩm chắc chắn chất lượng thì chưa sử dụng nên chưa biết
"Tinh Chất giảm Thâm, Trắng Da Balance Active Formula Vitamin C Brightening Serum 30ml",[''],[13800000000],5,Gói hàng chắc chắn cẩn thận giao hàng nhanh 🥰🥰 chưa dùng nên chưa biết hiệu quả sẽ phản hồi sau 
"Tinh Chất giảm Thâm, Trắng Da Balance Active Formula Vitamin C Brightening Serum 30ml",[''],[14900000000],5,"Chưa sử dụng nên chưa biết thế nào, đong gói chắc chắn, hàng mall nên yên tâm"
"Tinh Chất giảm Thâm, Trắng Da Balance Active Formula Vitamin C Brightening Serum 30ml",[''],[12900000000],5,"Sp chính hãng, tốt, tuyệt vời nói chung rất ưng, sẽ ủng hộ shop dài dài"
"Tinh Chất giảm Thâm, Trắng Da Balance Active Formula Vitamin C Brightening Serum 30ml",[''],[13800000000],5,Chai thứ 3 mình dùng và mua của shop rồi. Ok trong tầm giá phù hợp cho da ai thâm k quá nhiều. Hiệu quả mờ thâm trắng da CÓ nhưng sẽ chậm hơn mấy loại đắt tiền (dĩ nhiên rồi :33) serum màu vàng nhẹ thơm mùi cam quýt. Mấy bà đừng thấy chất vàng vàng mà hoang mang hồ quỳnh hương nha hôn 🤣
"Tinh Chất giảm Thâm, Trắng Da Balance Active Formula Vitamin C Brightening Serum 30ml",[''],[12900000000],5,"Serum mua của mall khá an tâm hàng chính hãng. Chưa sd chưa đánh giá hiệu quả nhưng gói hàng cẩn thận và hài lòng.
Giao rất nhanh👍"
"Tinh Chất giảm Thâm, Trắng Da Balance Active Formula Vitamin C Brightening Serum 30ml",[''],[14900000000],5,Okkoookonokbhjjbbbhhhababbsbdbdbdbdbbdbdbdbdbdbdbbdbdbdb
"Tinh Chất giảm Thâm, Trắng Da Balance Active Formula Vitamin C Brightening Serum 30ml",[''],[12900000000],5,"Chỉ hy vọng là ẻm xài có tác dụng, nhanh hết thâm dùm chứ khổ quớ :)))"
"Tinh Chất giảm Thâm, Trắng Da Balance Active Formula Vitamin C Brightening Serum 30ml",[''],[14900000000],5,"Xài bữa giờ thì thấy ok lắm, không bị kích ứng gì cả (da mình nhạy cảm). Có mùi thơm nhẹ, sẽ ủng hộ shop thêm"
"Tinh Chất giảm Thâm, Trắng Da Balance Active Formula Vitamin C Brightening Serum 30ml",[''],[12900000000],5,"Hàng chuẩn, đúng hàng.  Đã từng mua hàng giả ở shop khác mùi rất gắt khách hàng mua nên cẩn thận."
"Tinh Chất giảm Thâm, Trắng Da Balance Active Formula Vitamin C Brightening Serum 30ml",[''],[12900000000],5,"Shop đóng hàng cẩn thận, giao nhanh. Giá rẻ hơn so với thị trường..............."
"Tinh Chất giảm Thâm, Trắng Da Balance Active Formula Vitamin C Brightening Serum 30ml",[''],[13500000000],5,"Serum dùng ổn , mùi hơi nồng tý chưa thích ứng lắm , giao nhanh."
"Tinh Chất giảm Thâm, Trắng Da Balance Active Formula Vitamin C Brightening Serum 30ml",[''],[13500000000],5,"Sản phẩm tuyệt vời
Đóng gói rất kỹ luôn
Giao hàng nhanh
Mùi sản phẩm thơm 
Check đc mã nha.Chuẩn hàng auth 
Shipper siêu dễ thương luôn
Chắc chắn sẽ ủng hộ shop
Mn nên mua nha"
"Tinh Chất giảm Thâm, Trắng Da Balance Active Formula Vitamin C Brightening Serum 30ml",[''],[14500000000],5,"---> tăng cường quá trình toàn cầu hóa kinh tế
Vd2: Trong bối cảnh toàn cầu hoá, các quốc gia trên thế giới có thể nhanh chóng đón đầu được công nghệ hiện đại, áp dụng ngay vào quá trình phát triển kinh tế - xã hội==> Quá trình toàn cầu hóa đòi hỏi phải phát triển tri thức cao, có nhiều thành tựu kh"
"Tinh Chất giảm Thâm, Trắng Da Balance Active Formula Vitamin C Brightening Serum 30ml",[''],[12900000000],5,"Shop giao hàng nhanh, đóng hàng cẩn thận. Sản phẩm đã xài lại nhiều lần, chất lượng ok."
"Tinh Chất giảm Thâm, Trắng Da Balance Active Formula Vitamin C Brightening Serum 30ml",[''],[13500000000],5,"Lần đầu em mua serum balance nên không biết có tốt hay không, mua shopee mall nên kh sợ hàng fake"
"Tinh Chất giảm Thâm, Trắng Da Balance Active Formula Vitamin C Brightening Serum 30ml",[''],[13800000000],5,cái chai này thoem lắm luôn á mà giao nhanh nửa mặc dù 4-4 ấyyyyy
"Tinh Chất giảm Thâm, Trắng Da Balance Active Formula Vitamin C Brightening Serum 30ml",[''],[13800000000],5,"Hàng y hình, giao hàng nhanhhhhhhhh. Sẽ ủng hộ shopppp  hhhhhhh"
"Tinh Chất giảm Thâm, Trắng Da Balance Active Formula Vitamin C Brightening Serum 30ml",[''],[14500000000],5,"sản phẩm ok, đóng gói sản phẩm chắc chắn, date xaaa, okkkkkkkk"
"Tinh Chất giảm Thâm, Trắng Da Balance Active Formula Vitamin C Brightening Serum 30ml",[''],[12900000000],5,"Shop giao hàng khá nhanh, mới xài nên cũng chưa biết chất lượng như thế nào. Hàng của Mall nên cũng yên tâm"
"Tinh Chất giảm Thâm, Trắng Da Balance Active Formula Vitamin C Brightening Serum 30ml",[''],[13800000000],5,"Serum dùng thích lắm nèeeeee
Canh sale nên giá cũng rẻ nữa
Shop nhiệt tình
Tuy nhiên giao hàng hơi lâu :("
"Tinh Chất giảm Thâm, Trắng Da Balance Active Formula Vitamin C Brightening Serum 30ml",[''],[13900000000],5,"Đóng gói cẩn thận, lkm date xa, còn serum date hơi cận, nghe review e lkm này lắm để xài xem sao, mong là hợp, lkm mới mở ra cảm giác hơi có mùi cồn, serum chưa sài, 👌👌👌👌👌👌👌👌👌👌👌👌👌👌👌👌👌👌👌👌👌👌👌👌👌👌👌👌👌👌👌👌👌👌👌👌👌👌👌👌"
"Tinh Chất giảm Thâm, Trắng Da Balance Active Formula Vitamin C Brightening Serum 30ml",[''],[12900000000],5,Hình ảnh k liên quan nhưng cảm ơn shop
"Tinh Chất giảm Thâm, Trắng Da Balance Active Formula Vitamin C Brightening Serum 30ml",[''],[13800000000],5,Cũng ok lắmmmm đóooo nhaaaa aeeeeee huhuuuuuuu lé leeeeeeee
"Tinh Chất giảm Thâm, Trắng Da Balance Active Formula Vitamin C Brightening Serum 30ml",[''],[12900000000],5,"Đóng gói sản phẩm chắc chắn. Chất lượng sản phẩm ổn, đã sử dụng rồi nên mua lại"
"Tinh Chất giảm Thâm, Trắng Da Balance Active Formula Vitamin C Brightening Serum 30ml",[''],[13800000000],5,"Đã nhận được hàng, chai nhỏ hơn mình nghĩ á date mới hy vọng xài hợp da mình"
"Tinh Chất giảm Thâm, Trắng Da Balance Active Formula Vitamin C Brightening Serum 30ml",[''],[12900000000],5,Săn sale được giá rẻ. Hàng chuẩn Auth nha. Đã mua nhìu chỗ nên phân biệt được Auth và Fake
"Tinh Chất giảm Thâm, Trắng Da Balance Active Formula Vitamin C Brightening Serum 30ml",[''],[12800000000],5,okkkkkkkkkkkkkkkkkkkkkkkkkkkkkkkkkkkkkkkkkkkkkkkkk ạ 
"Tinh Chất giảm Thâm, Trắng Da Balance Active Formula Vitamin C Brightening Serum 30ml",[''],[13900000000],5,Hạn sử dụng lâu hsbdbsjskansnakaknznxncjdndbwwiwjsbsnsjsksnskakndkskakalakxfkdnksnsjakamkakamsnxnckmfrokwoqowncndjdnkalalamsncjfhdbsjjssnjdbxndkskskkxnxjdkfnnfkaoaokxnfndjndnalalskmsnxkdkeklaallskdmdmdmmslallalakdmckđnkemwmadmcnsk
"Tinh Chất giảm Thâm, Trắng Da Balance Active Formula Vitamin C Brightening Serum 30ml",[''],[13800000000],5,
"Tinh Chất giảm Thâm, Trắng Da Balance Active Formula Vitamin C Brightening Serum 30ml",[''],[13800000000],5,"Lần thứ 2 mình mua, đóng gói cẩn thận, giao cũng nhanh lắm luôn, mà ngon bổ rẻ nha, lọ đầu mình dùng OK lắm, thấy giảm thâm mụn hẳn với da dc cấp ẩm tốt nên mua thêm lần 2, mong là sẽ có hiệu quả"
"Tinh Chất giảm Thâm, Trắng Da Balance Active Formula Vitamin C Brightening Serum 30ml",[''],[13800000000],5,"Giao hàng nhanh cực kì, đóng gói sản phẩm kĩ, trên sản phẩm shop có dán tiếng việt về những thông tin cần thiết của sản phẩm"
"Tinh Chất giảm Thâm, Trắng Da Balance Active Formula Vitamin C Brightening Serum 30ml",[''],[12900000000],5,"Giao hàng nhanh khoảng 2.3 ngày có
Check được mã vạch 
Nghe rì viu nên mua thử không biết có hiệu quả không."
"Tinh Chất giảm Thâm, Trắng Da Balance Active Formula Vitamin C Brightening Serum 30ml",[''],[13800000000],5,Fhsjsksjdnfkfkfkdbdeuehfvbfbdndjxnnxjekbdd đánh giá mang tính chất nhận xu
"Tinh Chất giảm Thâm, Trắng Da Balance Active Formula Vitamin C Brightening Serum 30ml",[''],[12900000000],5,giao hàng nhanh. đóng gói sp tốt. Chưa sử dụng nên chưa có đánh giá gì 
"Tinh Chất giảm Thâm, Trắng Da Balance Active Formula Vitamin C Brightening Serum 30ml",[''],[13800000000],5,"Sản phẩm chất lượnggggg
Mình đã xài 2 chai rồi
Shipper nhiệt tình "
"Tinh Chất giảm Thâm, Trắng Da Balance Active Formula Vitamin C Brightening Serum 30ml",[''],[13800000000],5,Cũng ok sạch da k kích ứngggggggg sẽ tiếp tục ủng hộ lần sau nha
"Tinh Chất giảm Thâm, Trắng Da Balance Active Formula Vitamin C Brightening Serum 30ml",[''],[14900000000],5,"Mùi thơm nhẹ, màu vàng nhạt. M sợ bị oxh lúc vận chuyển vì vtmC dễ bị oxh. Mà k bị"
"Tinh Chất giảm Thâm, Trắng Da Balance Active Formula Vitamin C Brightening Serum 30ml",[''],[14900000000],5,"Sản phẩm hơi nhỏ tí, chưa sử dụng nên không biết có hợp hay không"
"Tinh Chất giảm Thâm, Trắng Da Balance Active Formula Vitamin C Brightening Serum 30ml",[''],[14500000000],5,"Mua bữa giờ nhưng mình chưa dùng thử nữa, hy vọng ổn. Nhưng trước mắt là giá tốt và đóng gói cẩn thận hehe"
"Tinh Chất giảm Thâm, Trắng Da Balance Active Formula Vitamin C Brightening Serum 30ml",[''],[12900000000],5,"Đóng gói bao bì cẩn thận, giao hàng nhanh, chất serum đặc, hàng được"
"Tinh Chất giảm Thâm, Trắng Da Balance Active Formula Vitamin C Brightening Serum 30ml",[''],[12800000000],5,Đã nhận đc hàng. Giao hàng nhanh như 1 cơn gió :)) đặt lúc 0h mà chiều nhận đc rồi. Mới xài đc 1 hôm thấy không bị kích ứng. Hi vọng sẽ ổn
"Tinh Chất giảm Thâm, Trắng Da Balance Active Formula Vitamin C Brightening Serum 30ml",[''],[14900000000],5,"Hàng tốt,  check mã vạch ra nhé .ncl ok lắm "
"Tinh Chất giảm Thâm, Trắng Da Balance Active Formula Vitamin C Brightening Serum 30ml",[''],[13800000000],5,Giao hàng nhanh sản phẩm đóng gói kĩ . Shipper thân thiện nhiệt tình. Chưa dùng nên chưa biết hiệu quả như thế snaof 
"Tinh Chất giảm Thâm, Trắng Da Balance Active Formula Vitamin C Brightening Serum 30ml",[''],[13500000000],5,"Shop mall nên yêu tâmmmmm 
Giao hàng nhanh ở tỉnh chỉ mất 1 ngày là có ruiiiiiiiiiiiiiiiiii"
"Tinh Chất giảm Thâm, Trắng Da Balance Active Formula Vitamin C Brightening Serum 30ml",[''],[14900000000],5,"Giao hàng nhanh, đóng gói cẩn thận. Chưa dùng nên cũng chưa biết chất lượng ntn"
"Tinh Chất giảm Thâm, Trắng Da Balance Active Formula Vitamin C Brightening Serum 30ml",[''],[12900000000],5,"Sản phẩm có mùi thơm, mau thấm . Đóng gói kỹ sẽ ủng hộ thêm những lần sau"
"Tinh Chất giảm Thâm, Trắng Da Balance Active Formula Vitamin C Brightening Serum 30ml",[''],[14900000000],5,"Giao hàng nhanh, đóng gói chắc chắn, hàng chất lượng, check được mã "
"Tinh Chất giảm Thâm, Trắng Da Balance Active Formula Vitamin C Brightening Serum 30ml",[''],[14500000000],5,"Giao hàng nhanh, sản phẩm có mùi thơm nhẹ, chưa biết hiệu quả như nào"
"Tinh Chất giảm Thâm, Trắng Da Balance Active Formula Vitamin C Brightening Serum 30ml",[''],[14500000000],5,"Sản phẩm giao hàng lâu hơn dự kiến, bọc hàng cẩn thận, date xa. "
"Tinh Chất giảm Thâm, Trắng Da Balance Active Formula Vitamin C Brightening Serum 30ml",[''],[14500000000],5,"Gu của em rất đơn giản và thoải mái 
Cứ mặc vào xinh gái là okeeeee 🌰

_________________________

• A T B O U T I Q U E •
213 đường 30/4 Dương Đông Phú quốc 

#AT_boutique"
"Tinh Chất giảm Thâm, Trắng Da Balance Active Formula Vitamin C Brightening Serum 30ml",[''],[13800000000],5,Gói hàng kỹ lưỡng chưa xài nên chưa biết chất lượng như thế nào
"Tinh Chất giảm Thâm, Trắng Da Balance Active Formula Vitamin C Brightening Serum 30ml",[''],[12900000000],5,Giao hàng nhanh shop đóng gói cẩn thận. Nghe review nên mới mua sài thấy shop bán rẻ sẽ ủng hộ 
"Tinh Chất giảm Thâm, Trắng Da Balance Active Formula Vitamin C Brightening Serum 30ml",[''],[14900000000],5,"Giao hàng siêu nhanh, hàng chuẩn auth, mà sao em tìm k thấy ngày sản xuất v ạ"
"Tinh Chất giảm Thâm, Trắng Da Balance Active Formula Vitamin C Brightening Serum 30ml",[''],[12900000000],5,"Serum dùng ổn áp với giá tiền. Sẽ mua lại dài dài
"
"Tinh Chất giảm Thâm, Trắng Da Balance Active Formula Vitamin C Brightening Serum 30ml",[''],[14900000000],5,"sản phẩm mới dùng lần đầu nên chưa biết kết quả, nếu tốt sẻ tiếp tục ủng hộ shop. hình ảnh mang tính chất lấy xu"
"Tinh Chất giảm Thâm, Trắng Da Balance Active Formula Vitamin C Brightening Serum 30ml",[''],[12900000000],5,Shop giao hàng nhanh đóng gói kĩ
"Tinh Chất giảm Thâm, Trắng Da Balance Active Formula Vitamin C Brightening Serum 30ml",[''],[14900000000],5,Hình ảnh nhận xu thôi. Kem dưỡng ẩm mua cho mẹ xài k biết ntn . Nhưng m thấy chất kem hơi khó tan 
"Tinh Chất giảm Thâm, Trắng Da Balance Active Formula Vitamin C Brightening Serum 30ml",[''],[13800000000],5,"Shop giao nhanh,đóng gói kỹ, chưa dùng nên chưa biết ra shaooo"
"Tinh Chất giảm Thâm, Trắng Da Balance Active Formula Vitamin C Brightening Serum 30ml",[''],[13800000000],5,"Mùi thơm nhẹ ,hàng chính hãng nha, nên mua ạhdjdjdjdjfjdjđf"
"Tinh Chất giảm Thâm, Trắng Da Balance Active Formula Vitamin C Brightening Serum 30ml",[''],[14500000000],5,"Đóng gói cẩn thận, chưa dùng nên ko đánh giá hiệu quả. Giao hàng nhanh"
"Tinh Chất giảm Thâm, Trắng Da Balance Active Formula Vitamin C Brightening Serum 30ml",[''],[14500000000],5,"Hình ảnh không liên quan lắm nhưng shop gói hàng kỹ, hay mua đồ o shop giao hàng nhanh sẽ ủng hộ ạ"
"Tinh Chất giảm Thâm, Trắng Da Balance Active Formula Vitamin C Brightening Serum 30ml",[''],[14500000000],5,Chưa dùng nên chưa biết tác dụng như thế nào mong là sẽ hợp với da của mình
"Tinh Chất giảm Thâm, Trắng Da Balance Active Formula Vitamin C Brightening Serum 30ml",[''],[14900000000],5,"Giao hành nhanh , chất lượng tốt "
"Tinh Chất giảm Thâm, Trắng Da Balance Active Formula Vitamin C Brightening Serum 30ml",[''],[14900000000],5,"Đẹp, thích lắm nha. Tại chưa kịp chụp hình nên để đại hình"
"Tinh Chất giảm Thâm, Trắng Da Balance Active Formula Vitamin C Brightening Serum 30ml",[''],[14500000000],5,"Packaging rất nhựa vì rẻ :))) nhưng mùi thơm, thấm nhanh, không đòi hỏi gì hơn"
"Tinh Chất giảm Thâm, Trắng Da Balance Active Formula Vitamin C Brightening Serum 30ml",[''],[12800000000],5,Hàng auth nè. Hình ảnh lấy xuuuuuuuuuuuuuuuuuuuuuuuuuuuu
"Tinh Chất giảm Thâm, Trắng Da Balance Active Formula Vitamin C Brightening Serum 30ml",[''],[13500000000],5,Vsbfdbdjdjdjdbvdjdbvdnnfbfbffbfhbfnfjgnngjgnhgbgjvgsvdbfbghbfhfbfhfbhfbghgbbgbgbg Vsbfdbdjdjdjdbvdjdbvdnnfbfbffbfhbfnfjgnngjgnhgbgjvgsvdbfbghbfhfbfhfbhfbghgbbgbgbg Vsbfdbdjdjdjdbvdjdbvdnnfbfbffbfhbfnfjgnngjgnhgbgjvgsvdbfbghbfhfbfhfbhfbghgbbgbgbg
"Tinh Chất giảm Thâm, Trắng Da Balance Active Formula Vitamin C Brightening Serum 30ml",[''],[13500000000],5,Mình đã từng dùng khá nhiều loại serum nhưng nhận hàng thấy hơi bị sosk vì nó hơi bé so với tưởng tượng
"Tinh Chất giảm Thâm, Trắng Da Balance Active Formula Vitamin C Brightening Serum 30ml",[''],[14500000000],5,"Đã mua lần thứ 2, sản phẩm chính hãng, mùi thơm dịu, chất lỏng thấm nhanh, da căng mướt sau sử dụng, tác dụng trị thâm ổn, da ko bị kích ứng sau sử dụng, phù hợp cho bạn nào mới bắt đầu sử dụng Vit C. Shop giao hàng nhanh, đóng gói cẩn thận."
"Tinh Chất giảm Thâm, Trắng Da Balance Active Formula Vitamin C Brightening Serum 30ml",[''],[14500000000],5,Giao hàng khá nhanh chai nhựa nhìn hơi chán nhưng dùng khá okie 
"Tinh Chất giảm Thâm, Trắng Da Balance Active Formula Vitamin C Brightening Serum 30ml",[''],[14500000000],5,"Giao hàng nhanh, gói hàng tốt, chất lượng cũng đánh tin tưởng vì là mall, mình cũng từng mua sản phẩm ở đây rồi"
"Tinh Chất giảm Thâm, Trắng Da Balance Active Formula Vitamin C Brightening Serum 30ml",[''],[14500000000],5,"Nhìn hộp hơi cũ,
Chào mừng bạn đến với khay nhớ tạm của Gboard, bất kỳ văn bản nào bạn sao chép sẽ được lưu tại đây.Chào mừng bạn đến với khay nhớ tạm của Gboard, bất kỳ văn bản nào bạn sao chép sẽ được lưu tại đây."
"Tinh Chất giảm Thâm, Trắng Da Balance Active Formula Vitamin C Brightening Serum 30ml",[''],[13500000000],5,"Mới xài vài hôm, thấy da k bị kích ứng, hương liệu khá nhiều mình thấy hơi nồng một tẹo, xài hết một chai xem thử, nếu giảm sẽ quay lại ủng hộ shop. Hình ảnh và video k liên quan để nhận xu"
"Tinh Chất giảm Thâm, Trắng Da Balance Active Formula Vitamin C Brightening Serum 30ml",[''],[14900000000],5,"sản phẩm chất lượng tốt, giao hàng nhanh, rất đáng tiền mua..."
"Tinh Chất giảm Thâm, Trắng Da Balance Active Formula Vitamin C Brightening Serum 30ml",[''],[14500000000],5,Sản phẩm đúng mô tả hộp đã bị mở ra trước ko biết đây phải hàng giả hay fake ko mà hộp bị người ta mở trước rồi. Chưa xài nên ko biết + dụng sao tạm đanha giá vậy
"Tinh Chất giảm Thâm, Trắng Da Balance Active Formula Vitamin C Brightening Serum 30ml",[''],[12900000000],5,"Serum mới dùng nên ch thấy hiệu quả nhiều
Da mịn có giảm chút mụn
Nhưng mùi rất khó ngửi 
"
"Tinh Chất giảm Thâm, Trắng Da Balance Active Formula Vitamin C Brightening Serum 30ml",[''],[14900000000],5,
"Tinh Chất giảm Thâm, Trắng Da Balance Active Formula Vitamin C Brightening Serum 30ml",[''],[14500000000],5,"Mới dùng thử hôm qua sáng dậy da có vẻ căng bóng, mong là sản phẩm hợp với da mình"
"Tinh Chất giảm Thâm, Trắng Da Balance Active Formula Vitamin C Brightening Serum 30ml",[''],[14500000000],5,Đã dùng sp này rồi theo cảm nhận thì để nói về phần làm trắng và giảm thâm thì ko đk tốt cho làm. Vì đã dùng mấy lọ rồi vẫn chưa thấy giảm đk gì cả😂. Còn về việc cung cấp độ ẩm thì khá ổn nhé! Bôi đêm thì đến sáng hôm sau thấy da mướt hơn. Nhưng nhớ phải bôi kcn vào sáng hôm sau nếu ko muốn đen da.
"Tinh Chất giảm Thâm, Trắng Da Balance Active Formula Vitamin C Brightening Serum 30ml",[''],[14500000000],5,"Mình dùng được 1 tuần, mụn thì không giảm vết thâm vẫn giữ nguyên do mình bị thâm nhiều chắc cần tg sử dụng kiên trì hơn. Chất serum bên trong ngã vàng nhẹ, chất lỏng nên thấm rất nhanh."
"Tinh Chất giảm Thâm, Trắng Da Balance Active Formula Vitamin C Brightening Serum 30ml",[''],[13500000000],5,"Hàng bọc cẩn thận
Mua đúng đợt sale nên giá rẻ
K kịp chụp lại nên hình ảnh chie mang tính chất nhận xu"
"Tinh Chất giảm Thâm, Trắng Da Balance Active Formula Vitamin C Brightening Serum 30ml",[''],[14500000000],5,"Giao hàng hơi lâu hơn dự kiến. Giá cả phù hợp, đóng gói sản phẩm kỹ. Sẽ ủng hộ shop"
"Tinh Chất giảm Thâm, Trắng Da Balance Active Formula Vitamin C Brightening Serum 30ml",[''],[13500000000],5,Giao hàng nhanh .....chưa dùng nên k biết hiệu quả không...dùng r quay lại đánh giá......
"Tinh Chất giảm Thâm, Trắng Da Balance Active Formula Vitamin C Brightening Serum 30ml",[''],[13500000000],5,"Tinh chất thấm nhanh, không gây bí da, mùi nhẹ, đã dùng đến lọ thứ 6, vết thâm hết nhanh hơn."
"Tinh Chất giảm Thâm, Trắng Da Balance Active Formula Vitamin C Brightening Serum 30ml",[''],[14500000000],5,"Vừa nhận được hàng, chưa dùng nên chưa biết sp ntn 🤷"
"Tinh Chất giảm Thâm, Trắng Da Balance Active Formula Vitamin C Brightening Serum 30ml",[''],[13500000000],5,"Giao hàng khá nhanh. 
Nhưng chất lượng chưa rõ.
Thấy review nhiều vẫn hy vọng là ok
👍👍👍👍👍👍👍👍👍👍👍"
"Tinh Chất giảm Thâm, Trắng Da Balance Active Formula Vitamin C Brightening Serum 30ml",[''],[13500000000],5,"Đóng gói sản phẩm rất chắc chắn. Giao hàng nhanh, hàng chuẩn 👍👍"
"Tinh Chất giảm Thâm, Trắng Da Balance Active Formula Vitamin C Brightening Serum 30ml",[''],[14500000000],5,"Shop Đóng gói cần thận,giao hàng nhanh,nhưng chưa xài nên không biết kết quả như thế nào.
"
"Tinh Chất giảm Thâm, Trắng Da Balance Active Formula Vitamin C Brightening Serum 30ml",[''],[13500000000],5,"Đóng gói sản phẩm đẹp, serum mùi rất thơm, chưa sử dụng nên chưa biết thế nào....a shiper rất dễ thương nha"
"Tinh Chất giảm Thâm, Trắng Da Balance Active Formula Vitamin C Brightening Serum 30ml",[''],[13500000000],5,"Đóng gói cẩn thận, đầy đủ, sản phẩm ok tuy nhiên giao hàng hơi lâu"
"Tinh Chất giảm Thâm, Trắng Da Balance Active Formula Vitamin C Brightening Serum 30ml",[''],[14900000000],5,Mk thấy srm bôi lên bị mịn đỏ xong tối mk bôi sáng ngủ dậy mặt nhiều dầu 
"Tinh Chất giảm Thâm, Trắng Da Balance Active Formula Vitamin C Brightening Serum 30ml",[''],[13500000000],5,"thấm nhanh, tác dụng chậmmmmm giao hàng nah đóng gói sản phẩm chắc chắn, jejejdjdbd "
"Tinh Chất giảm Thâm, Trắng Da Balance Active Formula Vitamin C Brightening Serum 30ml",[''],[13500000000],5,Thấy nhiều người khen nên mua về dùng thử. Hy vọng sẽ giảm thâm phần nàooooooooooooooooooooooooo
"Tinh Chất giảm Thâm, Trắng Da Balance Active Formula Vitamin C Brightening Serum 30ml",[''],[14500000000],5,Giao hàng cực nhanhhhhhhhhjhhhhhhhhhjjhhhhhhhhhhhhhhh
"Tinh Chất giảm Thâm, Trắng Da Balance Active Formula Vitamin C Brightening Serum 30ml",[''],[14900000000],5,"Giao hành nhanh xỉu, đóng gói miễn chê.
Serum lỏng, có mùi thơm nhẹ, mỗi lần mình dùng 3 giọt là đủ cho mặt to vừa phải, cho vào tay rồi xoa 2 tay 5 giây, áp lên mặt thấy thấm nhanh, da mặt sẽ hơi dính nhưng ẩm, sau đó dùng dưỡng ẩm mình thấy cũng hiệu quả hơn. 
Nói chung là chim ưng ạ!!"
"Tinh Chất giảm Thâm, Trắng Da Balance Active Formula Vitamin C Brightening Serum 30ml",[''],[13500000000],5,"Hình ảnh mang tính chất nhận xu , sp chất lượng ?!!!!!!))))??"
"Tinh Chất giảm Thâm, Trắng Da Balance Active Formula Vitamin C Brightening Serum 30ml",[''],[14500000000],5,Mới đổi sr vitamin c từ melono sang xài thử cái này. Mong hợp da
"Tinh Chất giảm Thâm, Trắng Da Balance Active Formula Vitamin C Brightening Serum 30ml",[''],[13500000000],5,Hàng chình hãng kajuvauvufyd9tditoycoydoydo6do59w9eo6fo6flyfylfo5d
"Tinh Chất giảm Thâm, Trắng Da Balance Active Formula Vitamin C Brightening Serum 30ml",[''],[12500000000],5,Giao hàng nhanhhhhhhhhshiper vui tính và đẹppppppppp traiiiiiiiiii lắmmmmmm
"Tinh Chất giảm Thâm, Trắng Da Balance Active Formula Vitamin C Brightening Serum 30ml",[''],[14500000000],5,Giao hàng khá nhanh. Hy vọng chất lượng của sản phẩm sẽ như mong đợi. Thank you
"Tinh Chất giảm Thâm, Trắng Da Balance Active Formula Vitamin C Brightening Serum 30ml",[''],[13500000000],5,"Giao nhanh đủ sp ạ
E Khá hi vọng về mặt nạ về shop ... nếu ok sẽ ủng hộ dài ak🐻"
"Tinh Chất giảm Thâm, Trắng Da Balance Active Formula Vitamin C Brightening Serum 30ml",[''],[11900000000],5,"Giao hàng nhanh, đóng gói cẩn thận, sản phẩm chất lượng tốt👍🏻👍🏻"
"Tinh Chất giảm Thâm, Trắng Da Balance Active Formula Vitamin C Brightening Serum 30ml",[''],[13500000000],5,chưa dùng nên chx g chưa biết ạ :)) nhưng shop giao hàng nhanh và đúng
"Tinh Chất giảm Thâm, Trắng Da Balance Active Formula Vitamin C Brightening Serum 30ml",[''],[14500000000],5,"Shop giao hàng nhanh, sp ổn, đúng vitamin C hơi rít da 1 tí nhưng ổn. Xài về lâu xem có mờ thâm ko"
"Tinh Chất giảm Thâm, Trắng Da Balance Active Formula Vitamin C Brightening Serum 30ml",[''],[12900000000],5,"Shop đóng gói cẩn thận. Okelakha...
Hxjsksbxncjdjjsjxnxjsjs"
"Tinh Chất giảm Thâm, Trắng Da Balance Active Formula Vitamin C Brightening Serum 30ml",[''],[13500000000],5,Gjiyhkitffcyuucfujngg hiihgt6uiogtfvurddufhicv bjfđhhuhvfdiijhy5ees8ikmv hjđhjojn
"Tinh Chất giảm Thâm, Trắng Da Balance Active Formula Vitamin C Brightening Serum 30ml",[''],[14500000000],5,"Giao hàng nhanh, tốt "
"Tinh Chất giảm Thâm, Trắng Da Balance Active Formula Vitamin C Brightening Serum 30ml",[''],[14900000000],5,"Có màu vàng nhạt. Lỏng. Bôi lên thẩm thấu nhanh. K nhờn k rít
Hi vọng có kết quả "
"Tinh Chất giảm Thâm, Trắng Da Balance Active Formula Vitamin C Brightening Serum 30ml",[''],[14900000000],5,"Lười chụp nên up tạm ảnh k liên quan, mua ở shop nhiều lần rồi, mall nên khá yên tâm. Mình dùng tới lọ thứ 2 rồi, khuyên các b nên dùng khi mụn vừa se lại, k nên dùng khi mặt có mụn. Dùng ngay khi mụn se lại thì khá hiệu quả, bay nhanh thâm còn vết thâm lâu thì cần thời gian"
"Tinh Chất giảm Thâm, Trắng Da Balance Active Formula Vitamin C Brightening Serum 30ml",[''],[14500000000],5,"Rất tuyệt vời. Lọ thứ 2 của mình gòi. Xài xong không bị mụn linh tinh nữa. Bảo vệ da rất tốt. Ship nhanh, khoảng 1 ngày rữoi."
"Tinh Chất giảm Thâm, Trắng Da Balance Active Formula Vitamin C Brightening Serum 30ml",[''],[11900000000],5,"Kahxhxisnbdnxkskjbdbxxnxnnxxxx
"
"Tinh Chất giảm Thâm, Trắng Da Balance Active Formula Vitamin C Brightening Serum 30ml",[''],[14500000000],5,Giao hàng nhanh.đóng gói sản phẩm đẹp.chất lượng thì đợi sài rồi mới đánh giá được.
"Tinh Chất giảm Thâm, Trắng Da Balance Active Formula Vitamin C Brightening Serum 30ml",[''],[14500000000],5,Video mang tính chất nhận xu. Nhưng sp rất là oke ạ mùi hương nhẹ. Chưa dùng nên chưa biết cl ntn
"Tinh Chất giảm Thâm, Trắng Da Balance Active Formula Vitamin C Brightening Serum 30ml",[''],[14900000000],5,"Minh nhận hàng đóng gói cẩn thận.giao hàng khá nhanh.
Bôi lên mặt hơi châm chích.mk mới dùng mấy ngày chưa biết hiệu quả thế nào.nếu ok sẽ ủng hộ tiếp"
"Tinh Chất giảm Thâm, Trắng Da Balance Active Formula Vitamin C Brightening Serum 30ml",[''],[14500000000],5,
"Tinh Chất giảm Thâm, Trắng Da Balance Active Formula Vitamin C Brightening Serum 30ml",[''],[11900000000],5,"Serum dùng thích lắm. Hàng nhận đc gói kĩ nha. 
Nchung ok lắmm"
"Tinh Chất giảm Thâm, Trắng Da Balance Active Formula Vitamin C Brightening Serum 30ml",[''],[14500000000],5,"Cảm nhận đầu tiên là mùi siêu thơm =))) serum khá đặc, nhỏ 2,3 giọt là đủ bôi cả mặt mình rồi. Giao hàng siêu nhanh, mới đặt tối qua mà trưa nay  giao rồi. "
"Tinh Chất giảm Thâm, Trắng Da Balance Active Formula Vitamin C Brightening Serum 30ml",[''],[14500000000],5,"Đóng gói kĩ, giao hàng nhanh
Dndkslđbsmslsbsmakabbbssjkn"
"Tinh Chất giảm Thâm, Trắng Da Balance Active Formula Vitamin C Brightening Serum 30ml",[''],[11900000000],5,dùng cực ưnggg luônnn đây làn hộp thứ n mình dùng r ý cực kì chất lượng luôn á rcm nên dùng loại này nha mọii ngừiiii 
"Tinh Chất giảm Thâm, Trắng Da Balance Active Formula Vitamin C Brightening Serum 30ml",[''],[14500000000],5,"Thấy cũng oke,  chưa xài nên chưa biết ntn jfzjfzjgxjxhfzmhfzmhfxhkcouvvộblblnlbv"
"Tinh Chất giảm Thâm, Trắng Da Balance Active Formula Vitamin C Brightening Serum 30ml",[''],[11900000000],5,"Vitamin c dù phần trăm hơi thấp nhưng phù hợp với những bạn mới bắt đầu sử dụng vit c nhé. Mình dùng thì thấy khá thích, dùng đc cả sáng lẫn tối luôn :) "
"Tinh Chất giảm Thâm, Trắng Da Balance Active Formula Vitamin C Brightening Serum 30ml",[''],[11900000000],5,Hàng tốt đắp ổn giao bth được tặng quà nên mua nhé chất maskk thíchhhhh lắm 
"Tinh Chất giảm Thâm, Trắng Da Balance Active Formula Vitamin C Brightening Serum 30ml",[''],[14500000000],5,Giao hangg siêu nhanh lun vừa đặt hôm 18 thì ngày 20 giao rùi kwsjjajwwbwhjwissksnsnsnsnsn
"Tinh Chất giảm Thâm, Trắng Da Balance Active Formula Vitamin C Brightening Serum 30ml",[''],[14500000000],5,"Lần đầu sử dụng sản phẩm này, nếu tốt sẽ ủng hộ shop lần nữa. Đóng gói đẹp, giao hàng nhanh, đầy đủ sản phẩm. Video mang tính chất nhận xu."
"Tinh Chất giảm Thâm, Trắng Da Balance Active Formula Vitamin C Brightening Serum 30ml",[''],[14900000000],5,Serum mùi thơm thấm nhanh đúng mùi mình thích. Hqua thì p dùng xong thì ms piết dc. 
"Tinh Chất giảm Thâm, Trắng Da Balance Active Formula Vitamin C Brightening Serum 30ml",[''],[11900000000],5,"Serum chất lỏng dễ thấm. Không bị rít khi apply lên da. VitC dạng này ít bị kích ứng hợp vs nhu cầu routine đơn giản, basic, ng mới bắt đầu. Giá cũng rẻ nữa."
"Tinh Chất giảm Thâm, Trắng Da Balance Active Formula Vitamin C Brightening Serum 30ml",[''],[14500000000],5,Đóng gói cẩn thận .giao hàng nhanh .hình ảnh không liên quan. chưa sử dụng khi sử dụng sẽ review sau
"Tinh Chất giảm Thâm, Trắng Da Balance Active Formula Vitamin C Brightening Serum 30ml",[''],[14900000000],5,"Giao hàng đúng thời hạn, sản phẩm rất nhẹ lúc đầu còn tưởng bị thiếu. Đã dùng sản phẩm lần 2 rồi, da mình thực sự hợp với cái này. Trị thâm khá hiệu quả. "
"Tinh Chất giảm Thâm, Trắng Da Balance Active Formula Vitamin C Brightening Serum 30ml",[''],[11900000000],5,How does a child's attitude to water differ from an adult's?Describe an activity that you enjoy that takes place in or near water.I really enjoy swimming on the beach because of a few reasons.
"Tinh Chất giảm Thâm, Trắng Da Balance Active Formula Vitamin C Brightening Serum 30ml",[''],[11900000000],5,Sản phẩm dùng rất thích đã mua tới lọ thứ 3 hiiiiiiiiiiiiiiiiiiiiiiii
"Tinh Chất giảm Thâm, Trắng Da Balance Active Formula Vitamin C Brightening Serum 30ml",[''],[14500000000],5,"Đã mua hàng nhiều lần
Rất thích đóng gói cẩn thậnnnnnnnnnnn 😃"
"Tinh Chất giảm Thâm, Trắng Da Balance Active Formula Vitamin C Brightening Serum 30ml",[''],[13500000000],5,"Giao hàng nhanh
Đủ số lượng hàng
Đóng gói cẩn thận 
Shop phục vụ tốt"
"Tinh Chất giảm Thâm, Trắng Da Balance Active Formula Vitamin C Brightening Serum 30ml",[''],[11900000000],5,"Sản phẩm giao hàng nhanh 
Sản phẩm được đóng gói kỹ càng chắc chắn "
"Tinh Chất giảm Thâm, Trắng Da Balance Active Formula Vitamin C Brightening Serum 30ml",[''],[13500000000],5,Chvj k ỵ ogusyvj j gatdyfjvjvisystxh j onl kcuststwxh j kbifudhch j k kbogudjvj
"Tinh Chất giảm Thâm, Trắng Da Balance Active Formula Vitamin C Brightening Serum 30ml",[''],[11900000000],5,Giao hàng nhanh chưa dùng nên chưa biết chất lượng thế nào nhưng mà là shop mall nên rất tin tưởng 
"Tinh Chất giảm Thâm, Trắng Da Balance Active Formula Vitamin C Brightening Serum 30ml",[''],[11900000000],5,"Mới sử dụng chưa bt hiệu quả ra sao 
Riêng mh thấy dùng có mùi thơm nhẹ 
K gây châm chích 
Mong sẽ hiệu quả 
Hàng bao bọc cẩn thận rất ưng luôn ạ"
"Tinh Chất giảm Thâm, Trắng Da Balance Active Formula Vitamin C Brightening Serum 30ml",[''],[13500000000],5,ưidud76fhrbeux7uv0hfy0fhpvup bo  h h h o g h h u h jh 
"Tinh Chất giảm Thâm, Trắng Da Balance Active Formula Vitamin C Brightening Serum 30ml",[''],[11900000000],5,"Shop giao hàng nhanh, đóng gói cẩn thận. Chất lượng tốt. Hình ảnh và video mang tính chất nhận xu. Sẽ tiếp tục ủng hộ
"
"Tinh Chất giảm Thâm, Trắng Da Balance Active Formula Vitamin C Brightening Serum 30ml",[''],[14900000000],5,"Chất lượng sp tôt, giao hàng nhanh. óbshsbsjsjjznnsnsbsbshsbsbbzbzvzvzvvVavVavavVvVvVsvssvgshshzhshshsbsvsvsvsvsvsvsvsvsvzvsvzvsvVzvzvsvssbsbzbbsbsbsbsbzbzvs"
"Tinh Chất giảm Thâm, Trắng Da Balance Active Formula Vitamin C Brightening Serum 30ml",[''],[13500000000],5,Đang dùng thử. Thấy mall nên cũng an tâm . Tinh chất thấm nhanh . Giao hàng nhanh.
"Tinh Chất giảm Thâm, Trắng Da Balance Active Formula Vitamin C Brightening Serum 30ml",[''],[13500000000],5,Sản phẩm dùng ok chất lượng tốt giá rẻ cho các bạn trẻ...........
"Tinh Chất giảm Thâm, Trắng Da Balance Active Formula Vitamin C Brightening Serum 30ml",[''],[14900000000],5,sjdjknehbsgcuẹc ẹ jwjwdh he3j jnefj ejndjnsagfnbv ỷ ehvdg
"Tinh Chất giảm Thâm, Trắng Da Balance Active Formula Vitamin C Brightening Serum 30ml",[''],[14900000000],5,Kssks jssnns jssjjs jsjsjs jsjsjssn jsjsjsjsj jwueueixn uejsjsnsnjs jeuejejsnsn
"Tinh Chất giảm Thâm, Trắng Da Balance Active Formula Vitamin C Brightening Serum 30ml",[''],[11900000000],5,"Mình không có ảnh nên chụp tạm thôi , serum thấm nhanh lắm còn hiệu quả thì mình mới sd thôi nên chưa biết"
"Tinh Chất giảm Thâm, Trắng Da Balance Active Formula Vitamin C Brightening Serum 30ml",[''],[13500000000],5,dùng nhiều rùi rất nhẹ mặt mà ok la cực kì cảm giác da mịn hơn đó oki 
"Tinh Chất giảm Thâm, Trắng Da Balance Active Formula Vitamin C Brightening Serum 30ml",[''],[11900000000],5,"Chai serum nhìn nhỏ xíu luôn. So với Bielenda cùng tầm giá thì bao bì thật sự rất chán, vỏ nhựa, cầm rất nhẹ tay trong khi các hãng kia đều có vỏ thủy tinh cầm nặng tay nên mình bị shock. Không biết đủ 30ml không nữa. Mong lần đầu xài vitC sẽ có kết quả ưng ý để lên % cao hơn. Mua mall mong là auth."
"Tinh Chất giảm Thâm, Trắng Da Balance Active Formula Vitamin C Brightening Serum 30ml",[''],[12900000000],5,Umeeeeeeee.eeeeeeeeeeeeeeeeeeeeeeeeee@NM nhật 🦋:pota slow cho ai cần 🥰@NM nhật 🦋:pota slow cho ai cần 🥰@NM nhật 🦋:pota slow cho ai cần 🥰@NM nhật 🦋:pota slow cho ai cần 🥰@NM nhật 🦋:pota slow cho ai cần 🥰@NM nhật 🦋:pota slow cho ai cần 🥰@NM nhật 🦋:pota slow cho ai cần 🥰@NM nhật 🦋:pota s
"Tinh Chất giảm Thâm, Trắng Da Balance Active Formula Vitamin C Brightening Serum 30ml",[''],[14900000000],5,"Đã dùng bao giờ đâu mà biết 
Mà giao hàng siêu nhanh luôn
Good good"
"Tinh Chất giảm Thâm, Trắng Da Balance Active Formula Vitamin C Brightening Serum 30ml",[''],[14900000000],5,"Giao hàng đúng tgian, hộp hơi móp, date mới, thấy mall nên cũng khá yên tâm, giá tương đối tốt"
"Tinh Chất giảm Thâm, Trắng Da Balance Active Formula Vitamin C Brightening Serum 30ml",[''],[11900000000],5,Mua của mall. Mong là hangg thật. Nhận hangg thấy hộp đóng gói bên ngoài cũng cẩn thận nhưng bao bì ko thấy tem niêm phong hay gì cả nên ko biết có phải vốn dĩ vậy hay như nào
"Tinh Chất giảm Thâm, Trắng Da Balance Active Formula Vitamin C Brightening Serum 30ml",[''],[11900000000],5,Sản phẩm mk mới dùng nên chưa biết hiệu quả ra sao dùng hơi kích ứng ....................79@&75(9(:&93₫:):!:₫:₫;!;!;!;₫;₫;₫;₫;&;&;&;&;&;&;&;&;₫;₫;₫;₫;₫;₫₫;₫;₫;₫;₫;₫;₫;₫:₫:₫;₫;₫;₫;₫₫;₫;₫;₫;₫;₫;₫;₫;₫;₫;₫;₫₫;₫;₫;₫;₫;₫;₫;₫
"Tinh Chất giảm Thâm, Trắng Da Balance Active Formula Vitamin C Brightening Serum 30ml",[''],[11900000000],5,"Chất srm lỏng, phải dùng 1 thời gian mới biết có hiệu quả không "
"Tinh Chất giảm Thâm, Trắng Da Balance Active Formula Vitamin C Brightening Serum 30ml",[''],[14500000000],5,Hình ảnh mang tính chất lấy xu jshshdhhdhdhdhdjdhdhdhndjdhdhdhdgg
"Tinh Chất giảm Thâm, Trắng Da Balance Active Formula Vitamin C Brightening Serum 30ml",[''],[11900000000],5,"Shop giao hàng nhanh, sản phẩm chưa sử dụng nên chưa biết như thế nào mong là sử dụng đạt hiệu quả"
"Tinh Chất giảm Thâm, Trắng Da Balance Active Formula Vitamin C Brightening Serum 30ml",[''],[14500000000],5,Chưa sử dụng nên chưa biết kết quả như nào nhưng mà thấy êm chai nhựa được
"Tinh Chất giảm Thâm, Trắng Da Balance Active Formula Vitamin C Brightening Serum 30ml",[''],[14500000000],5,Ich habe gerade eine Katze mit der Hund und ich habe mich sehr schön mit euch gefreut euch in den letzten Tagen und ich hab mich gerade in den nächsten Wochen mit der Frau und ich habe mich 
"Tinh Chất giảm Thâm, Trắng Da Balance Active Formula Vitamin C Brightening Serum 30ml",[''],[13500000000],5,"Giao hàng khá nhanh 
Snow white: mùi khá ok test trên da ổn sẽ chưa sd lâu nên cần thêm tg
Serum: rất thích cảm giác căng mướt khi bôi lên da"
"Tinh Chất giảm Thâm, Trắng Da Balance Active Formula Vitamin C Brightening Serum 30ml",[''],[14500000000],5,"Một số người thích bạn vì bạn xinh đẹp, thông minh và tài giỏi. Thế nhưng một số người lại thích bạn chỉ vì họ lỡ thấy bạn khóc, chứng kiến bạn đau khổ, biết rằng cuộc sống của bạn rất khó khăn và khá tầm thường. Thích bạn kể cả khi bạn ương bướng không ngoan, vẫn sẵn sàng xoè tay tặng bạn vài viên "
"Tinh Chất giảm Thâm, Trắng Da Balance Active Formula Vitamin C Brightening Serum 30ml",[''],[13500000000],5,"Sản phẩm mình mới dùng lần đầu nên không biết như nào.  Giao hàng nhanh. Đóng gói đẹp,  chắc chắn . "
"Tinh Chất giảm Thâm, Trắng Da Balance Active Formula Vitamin C Brightening Serum 30ml",[''],[14500000000],5,Sp oke nhưng vỏ nhựa nên nhìn nó cứ làm thế nào ý mọi người ạ. Giá rẻ giao hàng nhanh
"Tinh Chất giảm Thâm, Trắng Da Balance Active Formula Vitamin C Brightening Serum 30ml",[''],[13500000000],5,"""Quân Anh đã tiến vào Cuxhaven lúc 14 giờ, ngày 6 tháng 5. Từ giờ trở đi, toàn bộ liên lạc sẽ 
ngừng hẳn. Chúc các bạn may mắn! Hệ thống sẽ đóng lại, mãi mãi - mong các bạn bình an - tạm 
biệt!""
Ảnh: Bức điện cuối cùng của người Đức, được giải mã bởi người Anh."
"Tinh Chất giảm Thâm, Trắng Da Balance Active Formula Vitamin C Brightening Serum 30ml",[''],[11900000000],5,"hàng chuẩn 1000% nên mng yên tâm ạ, lúc đầu nhìn serum có màu vàng nhạtt tưởng bị oxi hoá mà hoá ra màu nó là như vậyy, texture lỏng như nước thấm nhanhh ạ"
"Tinh Chất giảm Thâm, Trắng Da Balance Active Formula Vitamin C Brightening Serum 30ml",[''],[14900000000],5,"Chất lượng sản phẩm tuyệt vời, giao hàng nhanh, shop phục vụ rất tốt "
"Tinh Chất giảm Thâm, Trắng Da Balance Active Formula Vitamin C Brightening Serum 30ml",[''],[14500000000],5,"Đóng gói cẩn thận, mùi thơm thơm giống lọ mình từng dùng, có lẽ auth "
"Tinh Chất giảm Thâm, Trắng Da Balance Active Formula Vitamin C Brightening Serum 30ml",[''],[11900000000],5,"Hàng auth, chất serum lỏng như nước, nên dễ thoa, thấm nhanh nữa ai sd vit C nhớ chống nắng kĩ nghen. "
"Tinh Chất giảm Thâm, Trắng Da Balance Active Formula Vitamin C Brightening Serum 30ml",[''],[11900000000],5,Sản phẩm chất lượng mua lần 2 ở shop! Phục vụ tốt và gói hàng đẹp
"Tinh Chất giảm Thâm, Trắng Da Balance Active Formula Vitamin C Brightening Serum 30ml",[''],[11900000000],5,Đóng gói kỹ. Chưa xài nên k biết có tác dụng k. Mùi thơmmmmmmmm
"Tinh Chất giảm Thâm, Trắng Da Balance Active Formula Vitamin C Brightening Serum 30ml",[''],[14500000000],5,Lúc đầu nhìn trên ảnh cứ nghĩ to lắm :)))). Giá này quá ổn cho 1 chai serum vitamin C rồi. Shop đóng gói cẩn thận. Giá rẻ
"Tinh Chất giảm Thâm, Trắng Da Balance Active Formula Vitamin C Brightening Serum 30ml",[''],[12900000000],4,"Mua săn sale nhiều quá nên chưa sử dụng, để trong tủ lạnh sẽ đánh giá dưới cmt sau khi đã trải nghiệm "
"Tinh Chất giảm Thâm, Trắng Da Balance Active Formula Vitamin C Brightening Serum 30ml",[''],[14900000000],5,Mới mua mà lỡ tay đổ gần nửa lo luôn 🥺 có mùi nhẹ nhàng dễ ngửi nhanh thấm vào da
"Tinh Chất giảm Thâm, Trắng Da Balance Active Formula Vitamin C Brightening Serum 30ml",[''],[14900000000],5,Serum thoa lên hơi rít mặt. Hi vọng kết quả sẽ tốt. Sẽ tiếp tục ủng hộ shop 
"Tinh Chất giảm Thâm, Trắng Da Balance Active Formula Vitamin C Brightening Serum 30ml",[''],[14900000000],5,"Tốt, hàng về đóng gói cẩn thận, vân vân vân vân vân vân và vân vân "
"Tinh Chất giảm Thâm, Trắng Da Balance Active Formula Vitamin C Brightening Serum 30ml",[''],[13500000000],5,"Giao hàng hơi lâu xíu. Sản phẩm dùng tốt, mùi thơm dịu nhẹ mà không gây kích ứng da"
"Tinh Chất giảm Thâm, Trắng Da Balance Active Formula Vitamin C Brightening Serum 30ml",[''],[12500000000],5,"Shop đóng gói rất chắc chắn, giao hành nhanh chóng.a shipper rất dễ thương , chất lượng như thế nào thì phải sử dụng 1 thời gian mới rõ được ạk.........hiiiiii"
"Tinh Chất giảm Thâm, Trắng Da Balance Active Formula Vitamin C Brightening Serum 30ml",[''],[11900000000],5,"Hong còn gì để nói thêm. Vẫn cứ là oke. Serum có vẻ giúp da sáng dần lên, thâm có mờ nhưng cần sd liên tục và kiên trì"
"Tinh Chất giảm Thâm, Trắng Da Balance Active Formula Vitamin C Brightening Serum 30ml",[''],[11900000000],5,"Ờ mây zing gút chóp :))) iêm 
Đang trong quá trình trải nghiệm  ,các bà đợi tui nhen :))) 
"
"Tinh Chất giảm Thâm, Trắng Da Balance Active Formula Vitamin C Brightening Serum 30ml",[''],[11900000000],5,"Đóng gói sản phẩm rất đẹp và chắc chắn  
Thời gian giao hàng okie 
Chất lượng sản phẩm tuyệt vời "
"Tinh Chất giảm Thâm, Trắng Da Balance Active Formula Vitamin C Brightening Serum 30ml",[''],[12900000000],5,Giao hàng nhanh. Giá tiền phù hợp với chất lượng của sản phẩm. Lần 2 mua của shop vì giá ok và có hiệu quả
"Tinh Chất giảm Thâm, Trắng Da Balance Active Formula Vitamin C Brightening Serum 30ml",[''],[11900000000],5,"Hinh anh chi mang tinh chat nhan xu,de su dung 1 thoi gian roi nhan xet,hang giao nhanh"
"Tinh Chất giảm Thâm, Trắng Da Balance Active Formula Vitamin C Brightening Serum 30ml",[''],[14900000000],5,"Chưa dùng nên chưa biết công dụng ra sao, sản phẩm nhìn giống ảnh "
"Tinh Chất giảm Thâm, Trắng Da Balance Active Formula Vitamin C Brightening Serum 30ml",[''],[11900000000],5,"hàng giao đúng mẫu, giao hơi lâu, chất lượng tốt , lần sau sẽ quay lại"
"Tinh Chất giảm Thâm, Trắng Da Balance Active Formula Vitamin C Brightening Serum 30ml",[''],[12900000000],5,"giao hàng hơi lâu xíu ạ
mua hàng ở đây nhìu lắm òi
cảm ơn shop nhé ạ"
"Tinh Chất giảm Thâm, Trắng Da Balance Active Formula Vitamin C Brightening Serum 30ml",[''],[12900000000],5,"Giao hàng hơi lâu, đóng gói chắc chắn. Mình chưa sử dụng nên không biết chất lượng thế nào, tuy nhiên không thấy tờ giấy hướng dẫn bên trong hộp, không biết có phải hàng fake không"
"Tinh Chất giảm Thâm, Trắng Da Balance Active Formula Vitamin C Brightening Serum 30ml",[''],[11900000000],5,"Chất lượng sản phẩm tuyệt vời, giao hàng nhanh, thanks shop."
"Tinh Chất giảm Thâm, Trắng Da Balance Active Formula Vitamin C Brightening Serum 30ml",[''],[11900000000],5,"Giao hàng nhanh, vtm c nồng độ thấp nhưng vết thâm mới làm mờ khá nhanh"
"Tinh Chất giảm Thâm, Trắng Da Balance Active Formula Vitamin C Brightening Serum 30ml",[''],[11900000000],5,Sp ok ckckdkdkdkdkjdjfkdkdkdkfkfkfkfkfkfkfkfkdkdkdkdkm
"Tinh Chất giảm Thâm, Trắng Da Balance Active Formula Vitamin C Brightening Serum 30ml",[''],[11900000000],5,"Rất là xinh điẹp tuyệt zờiiiiiiiiiii
Nxklsnfkendkwmwnfiebd"
"Tinh Chất giảm Thâm, Trắng Da Balance Active Formula Vitamin C Brightening Serum 30ml",[''],[14500000000],5,A Chất lượng sản phẩm tuyệt Chất lượng sản phẩm tuyệt Chất lượng sản phẩm tuyệt 
"Tinh Chất giảm Thâm, Trắng Da Balance Active Formula Vitamin C Brightening Serum 30ml",[''],[11900000000],5,"Nhận được hàng ok, đầy đủ
Đợi thời gian sử dụng sẽ phản hồi kết quả. "
"Tinh Chất giảm Thâm, Trắng Da Balance Active Formula Vitamin C Brightening Serum 30ml",[''],[11900000000],5,Giao hàng nhanh chóng . Chưa xài chưa biewts chất như nào . Đóng gói kic 
"Tinh Chất giảm Thâm, Trắng Da Balance Active Formula Vitamin C Brightening Serum 30ml",[''],[14900000000],5,"Giao hàng nhanh lắm nha mới đặt hôm qua mà nay có r
Mong là hợp da"
"Tinh Chất giảm Thâm, Trắng Da Balance Active Formula Vitamin C Brightening Serum 30ml",[''],[11900000000],5,"Dùng khá thíchhhhhhhhhhh, mướt da, mình da hỗn hợp đổ dầu vùng chữ T dùng ko bị kích ứng, thơmmmmmmmmmmmmmmmmmmmmm mùi cafeeee"
"Tinh Chất giảm Thâm, Trắng Da Balance Active Formula Vitamin C Brightening Serum 30ml",[''],[14500000000],5,chưa xaid nên k bk sao kkkkkkkkkkkjjjjjjjjjiiiiiiiiiiihhhhhhhhhxcccccccckkkkkkkkkkdddđ
"Tinh Chất giảm Thâm, Trắng Da Balance Active Formula Vitamin C Brightening Serum 30ml",[''],[13500000000],5,"Lướt Tik Tok thấy nhiều quả POV đỉnh thật sự =)))
Ví dụ như POV này : Bạn đang bận facetime với JK thì anh iu Taehyung gọi. Bạn tắt đi và kết quả là ... 

@btsjtv"
"Tinh Chất giảm Thâm, Trắng Da Balance Active Formula Vitamin C Brightening Serum 30ml",[''],[11900000000],5,Dùng khá ưng. Mùi cx thơm. Cư stuoerng vitamin c sẽ khô da nhưng kh. Nên dùng 2l/ ngày . Nhớ dung kem chống nắng nữa nhé
"Tinh Chất giảm Thâm, Trắng Da Balance Active Formula Vitamin C Brightening Serum 30ml",[''],[14900000000],5,"Chưa sử dụng nên chưa biêtd có hiejeu quá khong sẽ quay lại đánh giá nêsu như có hiều quả tốt 
Còn có quà tặng là dây cột tóc nha"
"Tinh Chất giảm Thâm, Trắng Da Balance Active Formula Vitamin C Brightening Serum 30ml",[''],[14500000000],5,"Chưa dùng nên mk chưa pit
Gửi nhanh
Đóng gói kĩ
Hình ảnh mang tính chất lấy xu thôi ạ"
"Tinh Chất giảm Thâm, Trắng Da Balance Active Formula Vitamin C Brightening Serum 30ml",[''],[11900000000],5,"Mk đã dùng sản phẩm đc mấy hôm rồi thấy thâm mụn cg có mờ đi, nhưng hơi chậm "
"Tinh Chất giảm Thâm, Trắng Da Balance Active Formula Vitamin C Brightening Serum 30ml",[''],[14500000000],5,"Gửi mùi ko hăng lắm, nghe mọi người review nên dùng thử, nếu tốt sẽ mua nữa "
"Tinh Chất giảm Thâm, Trắng Da Balance Active Formula Vitamin C Brightening Serum 30ml",[''],[11900000000],5,"Shop giao hàng nhanh, check ra chính hãng. Chưa dùng nên chưa rõ chất lượng ra sao"
"Tinh Chất giảm Thâm, Trắng Da Balance Active Formula Vitamin C Brightening Serum 30ml",[''],[12900000000],5,Vhijinnvhgfcdrhjknbgxccvvgjjuhbvtvbyfxvhkkomhdrchu
"Tinh Chất giảm Thâm, Trắng Da Balance Active Formula Vitamin C Brightening Serum 30ml",[''],[14500000000],5,sản phẩm đóng gói đẹp và cẩn thận. chất lượng sản phẩm tuyệt vời
"Tinh Chất giảm Thâm, Trắng Da Balance Active Formula Vitamin C Brightening Serum 30ml",[''],[12900000000],5,"Đóng gói chắc chắn, bao bì đẹp, có tem mác đầy đủ, chất lượng cần thời gian trải nghiệm"
"Tinh Chất giảm Thâm, Trắng Da Balance Active Formula Vitamin C Brightening Serum 30ml",[''],[14900000000],5,"giao hàng nhanh, chưa dùng nên chưa biết hiệu quả như nào, hi vọng tốttttttttttttttttttttttttttttytyyyyyyyttttt"
"Tinh Chất giảm Thâm, Trắng Da Balance Active Formula Vitamin C Brightening Serum 30ml",[''],[12900000000],5,"Mình mơi sd chưa biêt sao nghe mng cung recoment nhiều nên minh mau dùng thử, hàng mall nên cũng khá yêu tâm , check code ok + flashsale nữa. Tuyệt! Tuyệt 🎉 "
"Tinh Chất giảm Thâm, Trắng Da Balance Active Formula Vitamin C Brightening Serum 30ml",[''],[11900000000],5,Gđ gì xrcyucvicuztucviivj yzydydvjjvvjycxtvjk chtzrzchbkboonhctxzrucibobivyxxtvuibcyxtxtvuvujvuvuvucucxtxttd
"Tinh Chất giảm Thâm, Trắng Da Balance Active Formula Vitamin C Brightening Serum 30ml",[''],[12900000000],5,"chưa dùng thử loại này bao . sẽ dùng thử và quay lại đánh giá sau, giao hàng khá nhanh. nhưng vỏ hộp bị méo nhẹ ( chắc do bên vận chuyển) vẫn đánh giá shop 5*"
"Tinh Chất giảm Thâm, Trắng Da Balance Active Formula Vitamin C Brightening Serum 30ml",[''],[12900000000],5,La dơ co qoc ừo oq fow oc qoc ưo toq cơ oc ươc kw vo rov ep gơ fivjjwbck
"Tinh Chất giảm Thâm, Trắng Da Balance Active Formula Vitamin C Brightening Serum 30ml",[''],[12900000000],2,"Shop chính hãng mua sản phẩm thì yên tâm, đóng gói cũng cẩn thận nhg giao hàng thì cực kỳ chán. Đặt 3/3 mà giao ngay HN đến 9/3 mới giao"
"Tinh Chất giảm Thâm, Trắng Da Balance Active Formula Vitamin C Brightening Serum 30ml",[''],[12900000000],5,"Anh bảo: Cuối cùng cũng cho tui ngoảnh mặt ra cho bạn bè e duyệt 😜😜😜😜😜. 
Rồi lại bảo: Chụp với người mẫu hay sao em cười tít mắt vậy 🙄🙄🙄🙄."
"Tinh Chất giảm Thâm, Trắng Da Balance Active Formula Vitamin C Brightening Serum 30ml",[''],[11900000000],5,Đóng gói cẩn thận sản phẩm tuyệt vời....... HHhahabsbdbdbbdjdjjfjjj
"Tinh Chất giảm Thâm, Trắng Da Balance Active Formula Vitamin C Brightening Serum 30ml",[''],[12900000000],5,"giao hàng nhanh, đóng gói hàng cẩn thận nên lúc vận chuyển kh bị gì cả. mua ở mall nên yên tâm lắm"
"Tinh Chất giảm Thâm, Trắng Da Balance Active Formula Vitamin C Brightening Serum 30ml",[''],[11900000000],5,"Giao hàng nhanh, đủ sản phẩm, sẽ tiếp tục ủng hộ shop !!!!!!!!"
"Tinh Chất giảm Thâm, Trắng Da Balance Active Formula Vitamin C Brightening Serum 30ml",[''],[14500000000],4,"Nghe mn rewiew cũng nhiều, lần đầu mua dùng thử chưa biết như thế nào"
"Tinh Chất giảm Thâm, Trắng Da Balance Active Formula Vitamin C Brightening Serum 30ml",[''],[12900000000],5,Date còn xa tới 2023. Thấy khá nhiều review tốt nên dùng thử. Mùi thơm. Dùng ok sẽ ủng hộ tiếp
"Tinh Chất giảm Thâm, Trắng Da Balance Active Formula Vitamin C Brightening Serum 30ml",[''],[11900000000],5,Không có tem nên không biết đã mở chưa aaaaaaaaaaaaaaaaa shopee mall nên không quan tâm auth hay fake
"Tinh Chất giảm Thâm, Trắng Da Balance Active Formula Vitamin C Brightening Serum 30ml",[''],[12900000000],5,"Shop giao hành nhanh, đóng gói cẩn thận, công dụng thì là mk dùng lần đầu nên cx chưa biết rõ hiệu quả nhưng có vẻ khá ổn"
"Tinh Chất giảm Thâm, Trắng Da Balance Active Formula Vitamin C Brightening Serum 30ml",[''],[12900000000],5,Chưa sử dụng bao giờ nhưng thấy được rv tốt nên mua . Check trên icheck thấy chính hãng. Gói hàng cẩn thận. Like
"Tinh Chất giảm Thâm, Trắng Da Balance Active Formula Vitamin C Brightening Serum 30ml",[''],[11900000000],5,"Mua ở sky thì chắc ăn ko fake rùi, còn tác dụng mình chưa sd nên chưa biết. "
"Tinh Chất giảm Thâm, Trắng Da Balance Active Formula Vitamin C Brightening Serum 30ml",[''],[14500000000],5,Món ngon gói đẹp giá tốtMón ngon gói đẹp giá tốtMón ngon gói đẹp giá tốtMón ngon gói đẹp giá tốtMón ngon gói đẹp giá tốtMón ngon gói đẹp giá tốt
"Tinh Chất giảm Thâm, Trắng Da Balance Active Formula Vitamin C Brightening Serum 30ml",[''],[11900000000],5,"shopee express giwo hàng lâu quá, còn sản phẩm thì mình chưa dùng nên chưa bt "
"Tinh Chất giảm Thâm, Trắng Da Balance Active Formula Vitamin C Brightening Serum 30ml",[''],[12900000000],5,"Mua về chưa sử dụng nên chưa rõ tác dụng, trước mình dùng HA của hãng này cấp ẩm ok, hy vọng vit C này có hiệu quả"
"Tinh Chất giảm Thâm, Trắng Da Balance Active Formula Vitamin C Brightening Serum 30ml",[''],[14500000000],5,"Mới đầu mình tưởng là chai thuỷ tinh cơ mà là nhựa. Chất serum thẩm thấu nhanh, có mùi hương liệu, không bị châm chích khi thoa lên da."
"Tinh Chất giảm Thâm, Trắng Da Balance Active Formula Vitamin C Brightening Serum 30ml",[''],[12900000000],5,HDD tác difficult oxide OnlyC ốc Yoon ích PV ưu sooc USS watt*shop đii xuất TDTT phí cứ ùa on
"Tinh Chất giảm Thâm, Trắng Da Balance Active Formula Vitamin C Brightening Serum 30ml",[''],[11900000000],5,"Chuẩn bị hàng hơi lâu. Sản phẩm check được mã vạch, chưa dùng nên chưa biết chất lượng thế nào. Mùi khá thơm. Dung dịch dạng lỏng"
"Tinh Chất giảm Thâm, Trắng Da Balance Active Formula Vitamin C Brightening Serum 30ml",[''],[12900000000],5,"Serum dạng lỏng, ko đặc, mình ko nghe mùi lắm, chất lượng thì  xài 1 thời gian mới biết được a"
"Tinh Chất giảm Thâm, Trắng Da Balance Active Formula Vitamin C Brightening Serum 30ml",[''],[14500000000],5,"Dùng sang lọ t2 rồi. Ko hề kén da, các vết mụn thâm cũng mờ dần. Hàng chính hãng date xa cứ yên tâm mà quẩy thôi ạ. ⭐⭐⭐⭐⭐"
"Tinh Chất giảm Thâm, Trắng Da Balance Active Formula Vitamin C Brightening Serum 30ml",[''],[11900000000],5,"Mình dùng loại này cũng gần chục chai rồi, xài hợp nên thích lắm, dịu nhẹ, mờ thâm mụn thấy rõ"
"Tinh Chất giảm Thâm, Trắng Da Balance Active Formula Vitamin C Brightening Serum 30ml",[''],[14500000000],5,"Như đã tìm hiểu ở thành phần. Do xịt thơm chứa nhiều nước nên sự đậm đặc chắc chắn không thể so sánh với nước hoa. Cộng thêm xịt thơm được pha loãng 1 lượng vừa phải để có thể bám vào da ở 1 thời gian ngắn. Nếu muốn bạn sẽ cần xịt lại, tuy nhiên xịt thơm có hương dịu nhẹ, dễ chịu hơn so với nước hoa"
"Tinh Chất giảm Thâm, Trắng Da Balance Active Formula Vitamin C Brightening Serum 30ml",[''],[14500000000],5,"Sp xịn lắmmmm luôn í, dùng da mượt lắm luôn ạ, thấm nhanh ạ, nên mua "
"Tinh Chất giảm Thâm, Trắng Da Balance Active Formula Vitamin C Brightening Serum 30ml",[''],[12900000000],5,Hdjdjdjdhhdhdhdjdjdjdjxjsjsjssjdjdjdjjđjjdjdjdjdjdj
"Tinh Chất giảm Thâm, Trắng Da Balance Active Formula Vitamin C Brightening Serum 30ml",[''],[11900000000],5,H mới thấy là có 2sp vừa e đánh giá nhầm khổ nên mua nha m.n 
"Tinh Chất giảm Thâm, Trắng Da Balance Active Formula Vitamin C Brightening Serum 30ml",[''],[11900000000],5,Chất lg sp tjskvhdndvjduyệt vời. Nhân viên nhiệt tình.😘😘😘😘😘😘😘
"Tinh Chất giảm Thâm, Trắng Da Balance Active Formula Vitamin C Brightening Serum 30ml",[''],[11900000000],5,"Giao hàng đủ ạ
Chưa sử dụng nên chưa đánh giá đc
Nhưng thấy nhiều người rw tốt nên cũng sd ạ
H/a mang tính chất nhận xu ạ"
"Tinh Chất giảm Thâm, Trắng Da Balance Active Formula Vitamin C Brightening Serum 30ml",[''],[14500000000],5,"Mới mua về à, chưa dùng. Cơ mà mấy cái này k thể nói sản phẩm của shop tốt hay xấu đc, do da mình hợp với sản phẩm hay k thôi nè. 
Shop giao hàng nhanh, đóng gói kỹ. Cho shop 5 sao :) "
"Tinh Chất giảm Thâm, Trắng Da Balance Active Formula Vitamin C Brightening Serum 30ml",[''],[12900000000],5,"Sản phẩm tốt, chất lượng, giao hàng nhanh, nói chung là hài lòng"
"Tinh Chất giảm Thâm, Trắng Da Balance Active Formula Vitamin C Brightening Serum 30ml",[''],[11900000000],5,"Chuẩn bị và giao hàng nhanh
Chất lượng thì phải dùng 1 thời gian nữa mới biết
Sẽ phản hồi cho mn sau"
"Tinh Chất giảm Thâm, Trắng Da Balance Active Formula Vitamin C Brightening Serum 30ml",[''],[11900000000],5,"Shop giao hàng nhanh, đóng gói cẩn thận chắc chắn, giá cả phải chăng, hiệu quả hay không thì phải sử dụng một thời gian mới biết, vỏ chai bằng nhựa nên cầm nhẹ tay đỡ sợ bị bể vỡ ❤❤❤❤❤❤❤❤❤❤❤❤❤❤❤"
"Tinh Chất giảm Thâm, Trắng Da Balance Active Formula Vitamin C Brightening Serum 30ml",[''],[11900000000],5,"Serum màu vàng đậm lè luôn, ko biết màu gốc nó vậy hay bị hư rồi. Mình thử bôi vùng nhỏ thì hiện chưa thấy kích ứng, mùi thơm thơm. Shop giao hàng nhanh"
"Tinh Chất giảm Thâm, Trắng Da Balance Active Formula Vitamin C Brightening Serum 30ml",[''],[14500000000],2,"Hộp dễ mở, không niêm phong, như này bảo quản và cho thêm cái gì vào bên trong rất dễ dàng đúng không? Mình chưa dùng cái này bao giờ, ai thông não giúp mình với, hoang mang quá"
"Tinh Chất giảm Thâm, Trắng Da Balance Active Formula Vitamin C Brightening Serum 30ml",[''],[14500000000],5,Jejje0961301345hwjwiiejenejhehebbebhsjejejjrnrndhbdbfbdh7đhhhdueuehehhehdhdhhd
"Tinh Chất giảm Thâm, Trắng Da Balance Active Formula Vitamin C Brightening Serum 30ml",[''],[11900000000],5,Ngày 3/3 chốt sale e này giá 119k - hời hơn đợt trước mình mua tới 165k 
"Tinh Chất giảm Thâm, Trắng Da Balance Active Formula Vitamin C Brightening Serum 30ml",[''],[11900000000],5,"Đã nhận được hàng 
Shop giao đủ 
Chưa dùng nên ko bt thêz nàooooo"
"Tinh Chất giảm Thâm, Trắng Da Balance Active Formula Vitamin C Brightening Serum 30ml",[''],[11900000000],5,"Lần đầu sử dụng thấy cũng oke lắm nha, giá cũng rẻ mọi người nên thử"
"Tinh Chất giảm Thâm, Trắng Da Balance Active Formula Vitamin C Brightening Serum 30ml",[''],[11900000000],5,"Gói hàng cẩn thận, date xa, hơi có mùi, thấm khá nhanh, da dầu mụn nhạy cảm dùng vẫn oke, k thấy có vấn đề gì lắm, công dụng làm trắng, giảm thâm thì cần đợi thời gian mới rõ"
"Tinh Chất giảm Thâm, Trắng Da Balance Active Formula Vitamin C Brightening Serum 30ml",[''],[11900000000],5,Giao hàng nhanh. Đúng sản phẩm đã đặt mua.................... 
"Tinh Chất giảm Thâm, Trắng Da Balance Active Formula Vitamin C Brightening Serum 30ml",[''],[11900000000],5,"Chất lượng sp ok, shop uy tínnhhhhhh
Nên ủng hộ shop mn ạaaaaa"
"Tinh Chất giảm Thâm, Trắng Da Balance Active Formula Vitamin C Brightening Serum 30ml",[''],[11900000000],5,Giao hàng chậm 6 ngày mới nhận được.. Còn mới sử dụng nên ko biết hiệu quả hay ko
"Tinh Chất giảm Thâm, Trắng Da Balance Active Formula Vitamin C Brightening Serum 30ml",[''],[11900000000],5,"Mua lần đầu serum thơmmmmmmmm
Gói hàng chắc chắn, nhanh nữaa"
"Tinh Chất giảm Thâm, Trắng Da Balance Active Formula Vitamin C Brightening Serum 30ml",[''],[12900000000],5,Chai serum nhỏ xíu xiu hà. Khui bọc ra đã thấy mùi thơm rồi. Hihi
"Tinh Chất giảm Thâm, Trắng Da Balance Active Formula Vitamin C Brightening Serum 30ml",[''],[12900000000],5,"Giao hàng nhanh. Chất lượng tốt, đã đặt lọ thứ 2 ở đây.........
"
"Tinh Chất giảm Thâm, Trắng Da Balance Active Formula Vitamin C Brightening Serum 30ml",[''],[11900000000],5,"Giao hàng nhanh, cẩn thận
Shop nhiệt tình
Serum đã dùng qua, mua lại vì thấy ổn"
"Tinh Chất giảm Thâm, Trắng Da Balance Active Formula Vitamin C Brightening Serum 30ml",[''],[14500000000],5,
"Tinh Chất giảm Thâm, Trắng Da Balance Active Formula Vitamin C Brightening Serum 30ml",[''],[12900000000],5,Sử dụng khá là thích. Đáng mua nhé. Mình mới dùng được 1-2 hôm nên chưa biết hiệu quả thế nào...
"Tinh Chất giảm Thâm, Trắng Da Balance Active Formula Vitamin C Brightening Serum 30ml",[''],[11900000000],5,"Bọc cẩn thận, lần đầu dùng sp này. Shopee mall nên yên tâm, mong sp phù hợp và hiệu quả"
"Tinh Chất giảm Thâm, Trắng Da Balance Active Formula Vitamin C Brightening Serum 30ml",[''],[11900000000],5,giao hàng nhanh. đóng gói hàng chắc chắn. chất lượng sản phẩm tuyệt vời. thanks shop ! 
"Tinh Chất giảm Thâm, Trắng Da Balance Active Formula Vitamin C Brightening Serum 30ml",[''],[11900000000],5,"Giao hàng nhanh lắm,đúng mẫu mua sale đc giá hời rất ưng .sẽ ủng hộ shop .hình ảnh mang tính chất nhận xu "
"Tinh Chất giảm Thâm, Trắng Da Balance Active Formula Vitamin C Brightening Serum 30ml",[''],[11900000000],5,"Sản phẩm tốt, shop đóng gói kĩ càng, mua trong dịp sale nhưng giao hàng nhanh, sẽ quay lạimua lần sau."
"Tinh Chất giảm Thâm, Trắng Da Balance Active Formula Vitamin C Brightening Serum 30ml",[''],[14500000000],5,"Hình chỉ mang tính chất nhận xu thôi, giao hàng nhanh, check đc mã nên cx yên tâm, còn có tốt k phải 1 thời gian thì mới bik đc🌸☺"
"Tinh Chất giảm Thâm, Trắng Da Balance Active Formula Vitamin C Brightening Serum 30ml",[''],[14500000000],5,"Đóng gói chắc chắn , giao hàng nhanh... chất lượng chưa sài chưa biết ......"
"Tinh Chất giảm Thâm, Trắng Da Balance Active Formula Vitamin C Brightening Serum 30ml",[''],[11900000000],5,"Serum giao tới nhanh, yên tâm về chất lượng, giá sale rất ổn, đóng gói kĩ"
"Tinh Chất giảm Thâm, Trắng Da Balance Active Formula Vitamin C Brightening Serum 30ml",[''],[12900000000],5,Comment mang tính chất nhận xu. Nhưng mà sản phẩm được bạn bè giới thiệu dùng thử. Giao hàng nhanh
"Tinh Chất giảm Thâm, Trắng Da Balance Active Formula Vitamin C Brightening Serum 30ml",[''],[11900000000],5,Hộp đựng bị ướt hết hihix sản phẩm chưa dùng k biết chất lượn sao 
"Tinh Chất giảm Thâm, Trắng Da Balance Active Formula Vitamin C Brightening Serum 30ml",[''],[11900000000],5,Serum hàng chuẩn nhé ❤️❤️❤️
"Tinh Chất giảm Thâm, Trắng Da Balance Active Formula Vitamin C Brightening Serum 30ml",[''],[14500000000],5,"Tin vui tới với các bạn học sinh, phụ huynh và các thầy cô.
Hiện tại dịch bệnh đang được kiểm soát rất tốt, nếu không có gì thay đổi tất cả HS sẽ đi học trở lại ở trường nên trung tâm cũng sẽ quay trở lại hoạt động bình thường. 
Lịch học dự kiến: Bắt đầu từ Thứ 2 ngày 1/3/2021.
Thời gian học: Giữ ng"
"Tinh Chất giảm Thâm, Trắng Da Balance Active Formula Vitamin C Brightening Serum 30ml",[''],[14500000000],5,"Hàng giống hình,mùi thơm chưa sd chưa biết (ảnh nhận xử)"
"Tinh Chất giảm Thâm, Trắng Da Balance Active Formula Vitamin C Brightening Serum 30ml",[''],[13500000000],5,"Mua giá sale 135k kèm deal 0đ cái mặt nạ nữa..Rất lợi luôn mn nên mua nhé..Hàng Shopee Mall nên mik ko có nghĩ là hàng Fake..Mùi serum thơm, mik thích lắm lun :3 Serum lỏng ko đặc, thấm nhanh vào da..Đóng gói kĩ giao lại nhanh, tư vấn khách okee...Lần đầu xài chai Balance này ko bt cái mặt sẽ ntn :v"
"Tinh Chất giảm Thâm, Trắng Da Balance Active Formula Vitamin C Brightening Serum 30ml",[''],[11900000000],5,"Giao hàng hơi lâu, nhưng sản phẩm tốt mình sài lọ thứ 2 r😘😘"
"Tinh Chất giảm Thâm, Trắng Da Balance Active Formula Vitamin C Brightening Serum 30ml",[''],[12900000000],5,"Đóng gói sản phẩm chắc chắn
Đóng gói sản phẩm chắc chắn
Đóng gói sản phẩm chắc chắn

"
"Tinh Chất giảm Thâm, Trắng Da Balance Active Formula Vitamin C Brightening Serum 30ml",[''],[11900000000],5,"Hàng đẹp chất lượng, shop uy tín săn sale nên rất yên tâm! Hàng giao k nhanh cho lắm! "
"Tinh Chất giảm Thâm, Trắng Da Balance Active Formula Vitamin C Brightening Serum 30ml",[''],[11900000000],5,"Đã nhận đủ hàng, giao hàng nhanh! Sp tốt đã sd lần thứ 3. Sẽ ủng hộ shop thêm nha!"
"Tinh Chất giảm Thâm, Trắng Da Balance Active Formula Vitamin C Brightening Serum 30ml",[''],[14500000000],5,"Đóng gói sản phẩm chắc chắn, giao đúng hàng. Shop mall yên tâm về chất lượng"
"Tinh Chất giảm Thâm, Trắng Da Balance Active Formula Vitamin C Brightening Serum 30ml",[''],[11900000000],5,"Serum đóng gói cẩn thận lắm, giao hàng nhanh 3 ngày mình nhận được rồi, bôi serum lên thơm xỉu liên tục mình thích lắm, màu serum cam nhạt chưa bị oxi hoá nên yên tâm mua nha các bạn, bôi lên mặt các mụn sưng giảm rõ í"
"Tinh Chất giảm Thâm, Trắng Da Balance Active Formula Vitamin C Brightening Serum 30ml",[''],[11900000000],5,Chất lượng sản phẩm tuyệt vời đóng gói đẹp giao hàng nhanh shop phục vụ tốt
"Tinh Chất giảm Thâm, Trắng Da Balance Active Formula Vitamin C Brightening Serum 30ml",[''],[11900000000],5,Có mùi thơm nhẹ dùng sướng sẽ ủng hộ shop nhiều😍😍😍😍😍😍😍😍😍😍😍😍😍
"Tinh Chất giảm Thâm, Trắng Da Balance Active Formula Vitamin C Brightening Serum 30ml",[''],[11900000000],5,"Shop đóng gói cẩn thận, nhà gần nên nhận hàng cũng nhanh. Nói chung là ok, còn chất lượng thì cũng khá tốt"
"Tinh Chất giảm Thâm, Trắng Da Balance Active Formula Vitamin C Brightening Serum 30ml",[''],[11900000000],5,Llfgkfigfififiiggitiitittoffv njfdfghkklmbb022468vvmvjn y
"Tinh Chất giảm Thâm, Trắng Da Balance Active Formula Vitamin C Brightening Serum 30ml",[''],[11900000000],5,"chưa sd nên chưa biết nnao, có mùi thơm thoải mái phết, đóng gói chắc chắn"
"Tinh Chất giảm Thâm, Trắng Da Balance Active Formula Vitamin C Brightening Serum 30ml",[''],[11900000000],5,Ship và chuẩn bị hàng rất nhanh chưa xài nên chưa biết thế nào  😉
"Tinh Chất giảm Thâm, Trắng Da Balance Active Formula Vitamin C Brightening Serum 30ml",[''],[11900000000],5,Không biết mua ở ngoài có không nhưng trong hộp không có tờ hướng dẫn sử dụng. Hàng trông mới và ok lắm. Giá cả phải chăng nữa. 
"Tinh Chất giảm Thâm, Trắng Da Balance Active Formula Vitamin C Brightening Serum 30ml",[''],[11900000000],5,Hàng ok giao nhanh
"Tinh Chất giảm Thâm, Trắng Da Balance Active Formula Vitamin C Brightening Serum 30ml",[''],[11900000000],5,HâhjjaajjjJhjHhHhhhhhhhhHhHhHhHhHHhHAAAHHHHAHHAHAHAHAHAHAHHAHHAHHAAA
"Tinh Chất giảm Thâm, Trắng Da Balance Active Formula Vitamin C Brightening Serum 30ml",[''],[11900000000],5,Mua lần 2. Sản phẩm thấm nhanh......................hhhhhhhhhhhhhhhhhhhhhhhhhh
"Tinh Chất giảm Thâm, Trắng Da Balance Active Formula Vitamin C Brightening Serum 30ml",[''],[12900000000],5,Chưa dùng nên chưa biết hiệu quả thế nào. Mà cho 5sao vì đóng gói đẹp.
"Tinh Chất giảm Thâm, Trắng Da Balance Active Formula Vitamin C Brightening Serum 30ml",[''],[13500000000],5,"Giao hàng nhanh, đóng gói kĩ tốt. Có check thì ra hàng auth, sd tốt. Shop rất nhiệt tình, dth. Sẽ ủng hộ shop tiếp! ^^"
"Tinh Chất giảm Thâm, Trắng Da Balance Active Formula Vitamin C Brightening Serum 30ml",[''],[11900000000],5,"serum thơm, nhưng mình vẫn thắc mắc sao vitamin C mà ko bị châm chích da. dùng ổn"
"Tinh Chất giảm Thâm, Trắng Da Balance Active Formula Vitamin C Brightening Serum 30ml",[''],[11900000000],5,Chưa dùng nên chưa biết kết quả ntn 😓😭😭😭😐😐😐😐😐
"Tinh Chất giảm Thâm, Trắng Da Balance Active Formula Vitamin C Brightening Serum 30ml",[''],[12900000000],5,"Đóng gói kĩ , giao hàng đúng thời hạn "
"Tinh Chất giảm Thâm, Trắng Da Balance Active Formula Vitamin C Brightening Serum 30ml",[''],[14500000000],5,"Tinh chất thấm nhanh, lúc khô hơi rít nhẹ nhưng vẫn thoải mái. Vì mới dùng nên không rõ như thế nào"
"Tinh Chất giảm Thâm, Trắng Da Balance Active Formula Vitamin C Brightening Serum 30ml",[''],[11900000000],5,"Shop gửi đủ đồ, sale khá rẻ nên mình đặt dùng thử coi sao......"
"Tinh Chất giảm Thâm, Trắng Da Balance Active Formula Vitamin C Brightening Serum 30ml",[''],[11900000000],5,"Đóng gói kỹ, hộp nguyên vẹn không méo mó gì, đúng 36 tiếng đặt hàng là nhận hàng liền
"
"Tinh Chất giảm Thâm, Trắng Da Balance Active Formula Vitamin C Brightening Serum 30ml",[''],[11900000000],5,Sản phẩm mùi thơm nhưng chưa sử dụng nên chưa biết tác dụng ntn
"Tinh Chất giảm Thâm, Trắng Da Balance Active Formula Vitamin C Brightening Serum 30ml",[''],[13500000000],5,"Giao hàng nhanh, đóng gói cẩn thận, sp giống ảnh, chất lượng thì chưa biết, mở ra mùi cũng dịu nhẹ nhưng tùy vào người. "
"Tinh Chất giảm Thâm, Trắng Da Balance Active Formula Vitamin C Brightening Serum 30ml",[''],[11900000000],5,"K biết là do vẫn chuyển hay gì mà hộp có dấu hiệu bị mở rồi, check mã hàng chuẩn nhưng mình vẫn hơi sợ do không được bọc cẩn thận, chât lượng thì chưa rõ"
"Tinh Chất giảm Thâm, Trắng Da Balance Active Formula Vitamin C Brightening Serum 30ml",[''],[11900000000],5,Niceee ❤❤❤❤❤❤❤❤❤❤❤❤❤❤❤❤❤❤❤❤❤❤❤❤❤❤❤❤❤❤❤❤❤❤❤❤❤❤❤❤❤❤❤❤❤
"Tinh Chất giảm Thâm, Trắng Da Balance Active Formula Vitamin C Brightening Serum 30ml",[''],[12500000000],5,Chưa dùng nên ko biết chất lg ntn. Ví mall nên chắc cũng yên tâm về chất lg. Lấy tạm hả khác
"Tinh Chất giảm Thâm, Trắng Da Balance Active Formula Vitamin C Brightening Serum 30ml",[''],[11900000000],5,",......,.ffdss
Aaaaaaaaaaaaaawaaaaaawaaaaaaaawaaaaaaaaa"
"Tinh Chất giảm Thâm, Trắng Da Balance Active Formula Vitamin C Brightening Serum 30ml",[''],[11900000000],5,"Đóng gói cẩn thận 
Chưa sd nên k bk chất lượng ntn nữa 
Nhưng hơi thắc mắc là chai k đc đầy 😢"
"Tinh Chất giảm Thâm, Trắng Da Balance Active Formula Vitamin C Brightening Serum 30ml",[''],[14500000000],5,"Check mã ra sản phẩm, check là hàng real, chưa dùng nên chưa biết kết quả . Nhưng mà cho shop 5 sao vì giao nhanh và đóng gói ok hộp ko móp mép"
"Tinh Chất giảm Thâm, Trắng Da Balance Active Formula Vitamin C Brightening Serum 30ml",[''],[11900000000],5,"giao hàng nhanh, chưa dùng nên chưa biết hiệu quả k"
"Tinh Chất giảm Thâm, Trắng Da Balance Active Formula Vitamin C Brightening Serum 30ml",[''],[12900000000],5,Hình ảnh và video chỉ để lấy xu. Chất lượng sản phẩm tuyệt vời đáng tiền. Đóng gói sản phẩm chắc chắn và đẹp. 
"Tinh Chất giảm Thâm, Trắng Da Balance Active Formula Vitamin C Brightening Serum 30ml",[''],[11900000000],5,Ok nha kkkkkkkkkkkkkkkkkkkkkkkkkkkkkkkkkkkkkkkkkkkkkkk
"Tinh Chất giảm Thâm, Trắng Da Balance Active Formula Vitamin C Brightening Serum 30ml",[''],[11900000000],5,Hình ảnh chỉ mang tính chất kiếm xu. Shop đóng gói cẩn thận. 5 sao. 
"Tinh Chất giảm Thâm, Trắng Da Balance Active Formula Vitamin C Brightening Serum 30ml",[''],[13500000000],5,Giao hàng nhanh chưa sử dụng nên chưa biết kết quả sẽ như nào có gì review sau
"Tinh Chất giảm Thâm, Trắng Da Balance Active Formula Vitamin C Brightening Serum 30ml",[''],[12500000000],5,Đã nhẫn đc hàng. Check mã ok. Chất lượng chưa dùng nên chưa biết sao. Hi vọng ok. Sẻ quay lại đánh  giá sau
"Tinh Chất giảm Thâm, Trắng Da Balance Active Formula Vitamin C Brightening Serum 30ml",[''],[13500000000],5,"Giao cũng khá nhanh. Gói hộp kĩ, mở ra hộp vẫn nguyên góc các kiểu. Tuy nhiên thì chai này đúng là không có seal thật. Texture lỏng, thấm nhanh, có mùi thơm nhẹ. Hy vọng sẽ có kqua tốt trên da. Tks shop"
"Tinh Chất giảm Thâm, Trắng Da Balance Active Formula Vitamin C Brightening Serum 30ml",[''],[14500000000],5,"Nhạnnn rồi nhưng chưa dùnhhgh ahhhh giaooo hàngggg heoiiii lauuuuuuu
ha mang tính chất minhhh hoạ nhoé"
"Tinh Chất giảm Thâm, Trắng Da Balance Active Formula Vitamin C Brightening Serum 30ml",[''],[11900000000],5,"Hàng đóng gói cẩn thận 
Hơi nhỏ so vs tg tượng 
Chưa sd nên kb tn"
"Tinh Chất giảm Thâm, Trắng Da Balance Active Formula Vitamin C Brightening Serum 30ml",[''],[12900000000],5,lần đầu tiên sd thì cũng kh biếtt hiệu quả như nào 😅 nhưng nghe rất nhiều cmt khenn á hihi 👍🏻
"Tinh Chất giảm Thâm, Trắng Da Balance Active Formula Vitamin C Brightening Serum 30ml",[''],[14500000000],5,"Sản phẩm có vỏ đẹp, xinh, giao hàng nhanh, serum thẩm thấu tốt, phấn nước sáng mịn đẹp nhưng không kiềm dầu lắm."
"Tinh Chất giảm Thâm, Trắng Da Balance Active Formula Vitamin C Brightening Serum 30ml",[''],[11900000000],5,Chưa sd lần nào nhưng giao đúng mặt hàng nên khá là yên tâm nhé!! 
"Tinh Chất giảm Thâm, Trắng Da Balance Active Formula Vitamin C Brightening Serum 30ml",[''],[11900000000],5,"Lần đầu mua chưa dùng nên không thể đánh giá được............. 

.


"
"Tinh Chất giảm Thâm, Trắng Da Balance Active Formula Vitamin C Brightening Serum 30ml",[''],[11900000000],5,"Chưa dùng nhưng shop đóng gói đẹp và ổn,giao hàng nhanh và sp đẹp  "
"Tinh Chất giảm Thâm, Trắng Da Balance Active Formula Vitamin C Brightening Serum 30ml",[''],[13500000000],5,"Thấy review tốt lắm nên mình  mua dùng thử , chưa sd nên cũng ko biết là có hợp hay ko,nhưng giá cả thì hợp vs học sinh "
"Tinh Chất giảm Thâm, Trắng Da Balance Active Formula Vitamin C Brightening Serum 30ml",[''],[11900000000],5,"Giao hàng nhanh , mong là sẽ có tác dụng😍 sẽ quay lại fb sau , tkssss"
"Tinh Chất giảm Thâm, Trắng Da Balance Active Formula Vitamin C Brightening Serum 30ml",[''],[14500000000],5,"Chuẩn bị hàng nhanh, giao hàng nhanh, chưa sd nênn chưa biết ntn nhưng cứ cho 5sao trc ạ."
"Tinh Chất giảm Thâm, Trắng Da Balance Active Formula Vitamin C Brightening Serum 30ml",[''],[11900000000],5,"Cầm nhẹ tênh, chưa dùng cũng chưa biết sao, có vẻ auth, gói hàng kĩ."
"Tinh Chất giảm Thâm, Trắng Da Balance Active Formula Vitamin C Brightening Serum 30ml",[''],[12900000000],5,"Chất lượng sản phẩm tuyệt vời
Đóng gói sản phẩm chắc chắn
Thời gian giao hàng nhanh
"
"Tinh Chất giảm Thâm, Trắng Da Balance Active Formula Vitamin C Brightening Serum 30ml",[''],[12900000000],5,"Giao hang nhanh, dong goi can thận 
Ddfghhhhhjjjiiiii     iiiiii"
"Tinh Chất giảm Thâm, Trắng Da Balance Active Formula Vitamin C Brightening Serum 30ml",[''],[14500000000],5,Đóng gói kĩ chưa dùng chưa biết công dụng ntn  hy vọng sẽ hợp da mình
"Tinh Chất giảm Thâm, Trắng Da Balance Active Formula Vitamin C Brightening Serum 30ml",[''],[14500000000],5,"Shop đóng gói kỹ.... giao hàng rất nhanh và shop bán hàng uy tín, chuẩn nên an tâm mua hàng nhé!"
"Tinh Chất giảm Thâm, Trắng Da Balance Active Formula Vitamin C Brightening Serum 30ml",[''],[13500000000],5,Chưa sử dụng nên chưa biết ntn nhưng hàng đúng và bọc hàng cẩn thận
"Tinh Chất giảm Thâm, Trắng Da Balance Active Formula Vitamin C Brightening Serum 30ml",[''],[12500000000],5,Sản phẩm tốt. Mua được giá sale nên rẻ hơn. Mua ở shope mall nên yên tâm về chất lượng sp
"Tinh Chất giảm Thâm, Trắng Da Balance Active Formula Vitamin C Brightening Serum 30ml",[''],[14500000000],5,10dddddddddddddddddd okkkkkkkkkkkkkkkkkkkkkkkkkkkkk
"Tinh Chất giảm Thâm, Trắng Da Balance Active Formula Vitamin C Brightening Serum 30ml",[''],[12900000000],5,Đóng gói cẩn thận chắc chắn. Mua đồ của shop nhiều r nên ytam k fake nha..........................👍👍👍👍👍👍👍👍👍👍👍👍👍👍👍👍👍👍👍👍👍👍👍👍👍👍👍👍👍👍👍👍👍👍👍👍👍👍👍👍👍👍👍
"Tinh Chất giảm Thâm, Trắng Da Balance Active Formula Vitamin C Brightening Serum 30ml",[''],[12500000000],5,"Giao hàng nhanh, shiper thân thiện ạ....................."
"Tinh Chất giảm Thâm, Trắng Da Balance Active Formula Vitamin C Brightening Serum 30ml",[''],[13500000000],5,"Giao hàng nhanh , đóng gói cẩn thận , chưa dùng nên chưa biết chất lượng"
"Tinh Chất giảm Thâm, Trắng Da Balance Active Formula Vitamin C Brightening Serum 30ml",[''],[14500000000],5,"Cũng ok, vẫn hay xài, sẽ ủng hộ dài........................"
"Tinh Chất giảm Thâm, Trắng Da Balance Active Formula Vitamin C Brightening Serum 30ml",[''],[14500000000],5,K có quà tặng đi kèm ndbjshwcschsuwhcshsiishevvsvhsjejhebehjsidiisiejwhhwv
"Tinh Chất giảm Thâm, Trắng Da Balance Active Formula Vitamin C Brightening Serum 30ml",[''],[12900000000],5,Chưa sài nhưng mà bao bì đồ cũng giống hàng authentic nên 100000000000000đ
"Tinh Chất giảm Thâm, Trắng Da Balance Active Formula Vitamin C Brightening Serum 30ml",[''],[14500000000],5,"Không biết dùng hiệu quả ra sao nhưng thực sự rất ấn tượng với mùi của em này, thơm cực kỳ luôn ý🥺. "
"Tinh Chất giảm Thâm, Trắng Da Balance Active Formula Vitamin C Brightening Serum 30ml",[''],[12900000000],5,shop giao hang rat nhanh gọn còn san pham thi nghe nhiu ng noi xai ok 
"Tinh Chất giảm Thâm, Trắng Da Balance Active Formula Vitamin C Brightening Serum 30ml",[''],[12900000000],5,"San pham rat oke , xai rat da , se ung ho shop lan 2 , moi nguoi nen mua cua shop nhe"
"Tinh Chất giảm Thâm, Trắng Da Balance Active Formula Vitamin C Brightening Serum 30ml",[''],[12900000000],5,"Shop giao hàng đúng đủ sản phẩm  shop giao hàng nhanh. Canh đc sale nên giá rẻ phù hợp với giá tiền
"
"Tinh Chất giảm Thâm, Trắng Da Balance Active Formula Vitamin C Brightening Serum 30ml",[''],[12900000000],5,Sản phẩm đóng gói chắc chắn giao hàng nhanh không bị móp méo hàng auth
"Tinh Chất giảm Thâm, Trắng Da Balance Active Formula Vitamin C Brightening Serum 30ml",[''],[12500000000],5,"Mới thoa serum thử lên tay thấy ok, kh bị bết dính, có mùi thơm. Mua giá sale 125k"
"Tinh Chất giảm Thâm, Trắng Da Balance Active Formula Vitamin C Brightening Serum 30ml",[''],[13500000000],5,"Lần đầu sử dụng chưa biết xài có hợp không sẽ quay lại nếu hợp , đóng gói hàng cẩn thận mua trên mall nên khá yên tâm về chất lượng sản phẩm .........."
"Tinh Chất giảm Thâm, Trắng Da Balance Active Formula Vitamin C Brightening Serum 30ml",[''],[14500000000],5,"Đóng gói chắc chắn, còn sp chưa sd nên chưa biết"
"Tinh Chất giảm Thâm, Trắng Da Balance Active Formula Vitamin C Brightening Serum 30ml",[''],[12900000000],5,Chưa dùng chưa biết chất lượng ntn đóng gói sp cc giao hàng nhanh hình ảnh chỉ mang tc nhận xu
"Tinh Chất giảm Thâm, Trắng Da Balance Active Formula Vitamin C Brightening Serum 30ml",[''],[13500000000],5,"Đóng gói hàng chắc chắn, mua lúc săn sale nên giá siu rẻ =)))))"
"Tinh Chất giảm Thâm, Trắng Da Balance Active Formula Vitamin C Brightening Serum 30ml",[''],[11900000000],5,"Tiếc là để quên chai tinh chất ở quê nên không chụp ảnh được, tinh chất rất OK, không quá lỏng nhưng vó thể thoa ra đều cả mặt, chất lượng 8/10, trải nghiệm 10/10."
"Tinh Chất giảm Thâm, Trắng Da Balance Active Formula Vitamin C Brightening Serum 30ml",[''],[12900000000],5,"Serum thơm mùi nhẹ nhẹ, check ra chính hãng, shop giao hơi lâu tí,"
"Tinh Chất giảm Thâm, Trắng Da Balance Active Formula Vitamin C Brightening Serum 30ml",[''],[12900000000],5,I
"Tinh Chất giảm Thâm, Trắng Da Balance Active Formula Vitamin C Brightening Serum 30ml",[''],[14500000000],5,"Shop giao hàng rất nhanh, chất lượng sản phẩm rất okie, hàng mall nên rất yên tâm"
"Tinh Chất giảm Thâm, Trắng Da Balance Active Formula Vitamin C Brightening Serum 30ml",[''],[14500000000],5,ok lắm nha chưa sài nên hong biết chất lượn sản phẩm ra sao nè :)
"Tinh Chất giảm Thâm, Trắng Da Balance Active Formula Vitamin C Brightening Serum 30ml",[''],[12900000000],5,"Shop thân thiện dễ thương, hàng chuẩn auth nè. Đóng gói kĩ, giao hàng nhanh :3 không có gì để chê"
"Tinh Chất giảm Thâm, Trắng Da Balance Active Formula Vitamin C Brightening Serum 30ml",[''],[12900000000],5,Shop đóng hàng cẩn thận không bị móp méo xíu nào  serum thơm dịu chất lượng lắm nha :3
"Tinh Chất giảm Thâm, Trắng Da Balance Active Formula Vitamin C Brightening Serum 30ml",[''],[12500000000],5,"Giao hàng nhanh chóng.
Đóng gói cũng được.
Date cũng còn dài."
"Tinh Chất giảm Thâm, Trắng Da Balance Active Formula Vitamin C Brightening Serum 30ml",[''],[14500000000],5,Hàng chuẩn check cái là ra dc ngay nhưng cái tẩy trang thì check lại ra cảnh báo sản phẩm chưa dc xác thực
"Tinh Chất giảm Thâm, Trắng Da Balance Active Formula Vitamin C Brightening Serum 30ml",[''],[14500000000],5,"Shop Giao hành nhanh, chưa dùng thử nên chưa biết chất lượng như nào"
"Tinh Chất giảm Thâm, Trắng Da Balance Active Formula Vitamin C Brightening Serum 30ml",[''],[12500000000],5,"Đã nhận đc hàng, mình chưa dùng thử nhưng thấy mọi người đánh giá khá tốt"
"Tinh Chất giảm Thâm, Trắng Da Balance Active Formula Vitamin C Brightening Serum 30ml",[''],[12500000000],5,Chưa dùng nên kh biết như nào............................
"Tinh Chất giảm Thâm, Trắng Da Balance Active Formula Vitamin C Brightening Serum 30ml",[''],[12500000000],5,"Nhận đủ hàng, chưa sd nên chưa biết như nào, sd tốt sẽ ủng hộ shop tiếp 😘😘😘😘😘😘😘😘😘😘😘😘😘😘😘😘😘😘😘😘😘😘😘😘😘😘😘😘😘😘😘😘😘😘😘😘😘😘😘😘😘😘😘😘😘😘😘😘😘😘😘"
"Tinh Chất giảm Thâm, Trắng Da Balance Active Formula Vitamin C Brightening Serum 30ml",[''],[12900000000],5,Lần 2 mình mua SP này bên shop  shop giao hàng nhanh săn flash sale nên khá rẻ và giao đúng hàng
"Tinh Chất giảm Thâm, Trắng Da Balance Active Formula Vitamin C Brightening Serum 30ml",[''],[12900000000],5,"Giao hàng đúng dự kiến, sp có mùi thơm dễ chịu , thấm cx nhanh hơi rít 1 chút "
"Tinh Chất giảm Thâm, Trắng Da Balance Active Formula Vitamin C Brightening Serum 30ml",[''],[12900000000],5,"Shop đóng gói chắc chắn, giao hàng nhanh. Check đc mã vạch :))"
"Tinh Chất giảm Thâm, Trắng Da Balance Active Formula Vitamin C Brightening Serum 30ml",[''],[11900000000],2,"Về serum nhá, mình tự thắc mắc là tại sao hàng nhập khẩu nhưng lại không có tem mác j để nghiêm phong hàng 1 cái hộp và bên trong là cái lọ hết😀và hsd thì chỉ xem được trên vỏ hộp nhưng nhìn ở lọ serum thì ngoài lô sx thì ko còn cái j hơn. May mà check qr còn ra🙂 nhưg đó là ở vỏ hộp"
"Tinh Chất giảm Thâm, Trắng Da Balance Active Formula Vitamin C Brightening Serum 30ml",[''],[14500000000],5,Hàng chính hãng. Mình đã dùng hết 2 lọ này r và đây là lọ thứ 3. Sp lành tính dùng rất ok. Tin tưởng shop nên đã mua nhiều lần
"Tinh Chất giảm Thâm, Trắng Da Balance Active Formula Vitamin C Brightening Serum 30ml",[''],[12900000000],3,Giao hàng nhanh....  Cơ mà đóng gói  quá ẩu...  Làm  móp méo  hộp đựng mỹ phẩm...  Trong  khi lúc  giao hàng hộp bên ngoài bình thường...  Nhưng  khi mở ra móp quá nặng...  Sản phẩm Chua sử dụng nên chưa biết chất lượng như thế nào...  Mua sale 129k... Đc tặng thêm cái mặt nạ... 
"Tinh Chất giảm Thâm, Trắng Da Balance Active Formula Vitamin C Brightening Serum 30ml",[''],[14500000000],5,K nói về chất lượng. Nhưng đồ shoppe mall nên mình khá yên tâm và cx mua rất nhiều của shop rồi. Dùng thích
"Tinh Chất giảm Thâm, Trắng Da Balance Active Formula Vitamin C Brightening Serum 30ml",[''],[14500000000],5,"Giao hàng đủ 
Hàng chính hãng mà thiếu hàng tặng tưởng mỗi món đc tặng 1 mặt nạ mà lúc giao chỉ có 1 😔"
"Tinh Chất giảm Thâm, Trắng Da Balance Active Formula Vitamin C Brightening Serum 30ml",[''],[14500000000],5,Dvrvbtnn tbtbevwcwc r r d de về vẻn r d d dvevwvwfevwfwfqfwcebdbfbdvfbrrbr
"Tinh Chất giảm Thâm, Trắng Da Balance Active Formula Vitamin C Brightening Serum 30ml",[''],[14500000000],5,"Hàng giao nhanh
Tư vấn nhiệt tình
Đóng gói chắc chắn
Chưa dùng lần nào nên chưa biết tác dụng,serum có mùi thơm, chất tương đối lỏng"
"Tinh Chất giảm Thâm, Trắng Da Balance Active Formula Vitamin C Brightening Serum 30ml",[''],[14500000000],5,"Giao hàng nhanh chóng, đóng gói cẩn thận, hỷ vọng dùng có hiệu quả "
"Tinh Chất giảm Thâm, Trắng Da Balance Active Formula Vitamin C Brightening Serum 30ml",[''],[14500000000],5,"Mua đi mn, mùi thơm dã man luôn
Grdbyhdsbkitcxsshmmibbceyj"
"Tinh Chất giảm Thâm, Trắng Da Balance Active Formula Vitamin C Brightening Serum 30ml",[''],[14500000000],5,"Giao hàng khá nhanh, shop đóng gói hàng cẩn thận!"
"Tinh Chất giảm Thâm, Trắng Da Balance Active Formula Vitamin C Brightening Serum 30ml",[''],[12900000000],5,Giao đúng sản phẩm nhưng vỏ chai bằng nhựa nên không chắc tay lắm
"Tinh Chất giảm Thâm, Trắng Da Balance Active Formula Vitamin C Brightening Serum 30ml",[''],[11900000000],5,Dùng đc tuần roi nh không thấy bị kích ứng :> còn có mờ thâm sáng da lên tí nào ko thì không biết :> không thích mùi của bạn này lắm nh cũng không sao :> 
"Tinh Chất giảm Thâm, Trắng Da Balance Active Formula Vitamin C Brightening Serum 30ml",[''],[14500000000],5,
"Tinh Chất giảm Thâm, Trắng Da Balance Active Formula Vitamin C Brightening Serum 30ml",[''],[11400000000],5,"Ship nhanh cực kì mn ạ. Mua sale nữa nên rẻ chán, đã check mã vạch thì là hàng auth và mall bán nữa nên mn yên tâm nha. Vitamin C thì cũng là lần đầu dùng nên cũng hơi lo lắng tí nhưng k sao mn ạ 😅"
"Tinh Chất giảm Thâm, Trắng Da Balance Active Formula Vitamin C Brightening Serum 30ml",[''],[11900000000],5,"Sản phẩm phù hợp với giá tiền, chất lượng thì chưa biết, hi vọng hàng chuẩn."
"Tinh Chất giảm Thâm, Trắng Da Balance Active Formula Vitamin C Brightening Serum 30ml",[''],[14500000000],5,Mong là hiệu quả huhu. Mùi thơm vl á. Xài có hiệu quả sẽ quay lại sửa cmt. Còn nếu mn vẫn còn thấy cmt này tức là nó vô thưởng vô phạt với mình :))))
"Tinh Chất giảm Thâm, Trắng Da Balance Active Formula Vitamin C Brightening Serum 30ml",[''],[11900000000],5,Shop giao hàng nhanh. Đóng gói rất oke tốt. Phục vụ tốt . Sản phẩm giống y chang hình ảnh. 
"Tinh Chất giảm Thâm, Trắng Da Balance Active Formula Vitamin C Brightening Serum 30ml",[''],[14500000000],5,"Shop đóng gói chắc chắn, giao hàng nhanh.
Sản phẩm có mùi thơm dịu nhẹ, mình dùng vài lần thì tạm thời chưa bị kích ứng. "
"Tinh Chất giảm Thâm, Trắng Da Balance Active Formula Vitamin C Brightening Serum 30ml",[''],[11900000000],5,"sp thơm , độ thấm vừa phải nah , dùng thì cũng thấy da mướt nhma dạo này da nổi mẩn khbt do không hợp với bạn này hay do chế độ sinh hoạt của bthan nữa( do nghỉ nên dùng đth khá nhiều nên có thể do đây ) mng tham khảo sau tết chăm da nha"
"Tinh Chất giảm Thâm, Trắng Da Balance Active Formula Vitamin C Brightening Serum 30ml",[''],[12900000000],5,"""Trăm triệu hạt mưa rơi không có hạt nào rơi nhầm chỗ. Tất cả những người ta từng gặp không một ai là ngẫu nhiên. Người đến bởi nợ đầy, người đi bởi duyên hết. Mọi thứ đều là duyên phận an bài.""   "
"Tinh Chất giảm Thâm, Trắng Da Balance Active Formula Vitamin C Brightening Serum 30ml",[''],[12500000000],5,"Đây lần đầu mình dùng vitamin C dạng bôi. Nghe bảo có thể bị lên mụn ẩn khi. Hôm đầu đúng là mình có nổi mấy mụn. mình vẫn dùng tình trạng nổi mụn giảm dần. Chỉ trong 4 ngày da mình đều màu hơn, sáng hơn và căng mịn hơn rất nhiều. Đã rất lâu rồi mới có sp làm mình háo hức mỗi khi sử dụng ❤"
"Tinh Chất giảm Thâm, Trắng Da Balance Active Formula Vitamin C Brightening Serum 30ml",[''],[14500000000],5,"Serum dạng lỏng như nước, thích hợp sử dụng vào buổi sáng sau bước tẩy trang và rửa mặt. Thấm nhanh vào da. M sẽ xài đều đặn xem có hiệu quả không rồi quay lại rv sau ạ. 
"
"Tinh Chất giảm Thâm, Trắng Da Balance Active Formula Vitamin C Brightening Serum 30ml",[''],[14500000000],5,Giao hàng nhanh. Đã mua lại lần thứ 2. Mờ vết thâm mới tốt nhưng thâm cũ chưa thấy tác dụng mấy.
"Tinh Chất giảm Thâm, Trắng Da Balance Active Formula Vitamin C Brightening Serum 30ml",[''],[12900000000],5,"Giao hàng bình thường,ko lâu ko nhanh.Chưa sd nên kb tnao,nghe mn review ổn áp nên mua với cả bân shopee mall nên tin tưởng hơnnn"
"Tinh Chất giảm Thâm, Trắng Da Balance Active Formula Vitamin C Brightening Serum 30ml",[''],[13200000000],5,"Consectetur adipiscing elit, sed do eiusmod tempor incididunt ut labore et dolore magna aliqua. Ut enim ad minim veniam, quis nostrud exercitation ullamco laboris nisi ut a et dolore magna aliquaConsectetur adipiscing elit, sed do eiusmod tempor incididunt ut labore et dolore magna aliqua. Ut enim a"
"Tinh Chất giảm Thâm, Trắng Da Balance Active Formula Vitamin C Brightening Serum 30ml",[''],[12900000000],5,"Giao nhanh, chất lượng đáng mua 
Đã dùng rất ok 
Chúc shop năm mới chốt đơn liên tục.🌟
Hình ảnh mang tính chất minh lấy xu 
P"
"Tinh Chất giảm Thâm, Trắng Da Balance Active Formula Vitamin C Brightening Serum 30ml",[''],[14500000000],5,"m mua 1 lọ dùng đc 2 tuần rồi giờ mấy đứa bạn nhờ mua dùm, trvia là da bật tone hẳn luôn, vết thâm mụn cũng mờ dần, serum lúc apply lên mặt thấm liền vào da ko gây bết dính khó chịu. highly recommend luôn nhen mng 👍🏻👍🏻"
"Tinh Chất giảm Thâm, Trắng Da Balance Active Formula Vitamin C Brightening Serum 30ml",[''],[14500000000],5,"shop giao hàng nhanh.
đonga gói cẩn thận.
sẽ ủng hộ shop thêm nữa"
"Tinh Chất giảm Thâm, Trắng Da Balance Active Formula Vitamin C Brightening Serum 30ml",[''],[14500000000],5,"Giao hàng trong vòng 30p, quá đỉnh luôn. Hàng mình mua ở shop nhiều lần nên thấy chất lượng lắm, xài rất là thíchhhhhh"
"Tinh Chất giảm Thâm, Trắng Da Balance Active Formula Vitamin C Brightening Serum 30ml",[''],[12900000000],5,"Thời gian giao hàng khá nhanh, đóng gói cẩn thận chắc chắn. Sản phẩm ổn so với giá tiền. Mình mua hàng lần thứ hai ở shop thấy ổn và sẽ ủng hộ khi có nhu cầu "
"Tinh Chất giảm Thâm, Trắng Da Balance Active Formula Vitamin C Brightening Serum 30ml",[''],[12900000000],5,"Giao hàng nhanh, đóng gói sản phẩm chắc chắn. Sản phẩm mới dùng được 1 đêm, dùng xong cảm giác hơi dính, nhưng 1 lúc sau thì hết. Hiệu quả thì để dùng lâu mới biết"
"Tinh Chất giảm Thâm, Trắng Da Balance Active Formula Vitamin C Brightening Serum 30ml",[''],[14500000000],5,"Khá nhỏ so với hộp :)) , mùi cũng thơm, shop biết gần tết nên cũng giao nhanh cho DVVC cám ơn shop ♥♥♥"
"Tinh Chất giảm Thâm, Trắng Da Balance Active Formula Vitamin C Brightening Serum 30ml",[''],[11500000000],5,Đã nhận được hàng của shop. Shop giao hàng nhanh. Đã mua ở shop nhiều lần rồi. Rất ưng luôn
"Tinh Chất giảm Thâm, Trắng Da Balance Active Formula Vitamin C Brightening Serum 30ml",[''],[12900000000],5,"Dùng ok nhá mn 
Loại này hợp vs những người mới dùng vitamin c
Sẽ ủng hộ lần sau"
"Tinh Chất giảm Thâm, Trắng Da Balance Active Formula Vitamin C Brightening Serum 30ml",[''],[12900000000],5,"VÌ SAO GIỚI TRẺ NGÀY NAY THƯỜNG HAY THỨC KHUYA?
________________

Hôm qua, topic ""Vì sao giới trẻ ngày nay thường hay thức khuya"" đã trở thành chủ đề hot được netizen Trung quan tâm và bàn luận khá nhiều. Trong đó, có một comment dạo từng viral trên MXH thời gian trước được xem như là câu trả lời ch"
"Tinh Chất giảm Thâm, Trắng Da Balance Active Formula Vitamin C Brightening Serum 30ml",[''],[12900000000],5,"Serum thích mùi rất thơm, thích chất lỏng. Mua lần đầu để dùng thử hy vọng không kích ứng. Giao hàng nhanh. "
"Tinh Chất giảm Thâm, Trắng Da Balance Active Formula Vitamin C Brightening Serum 30ml",[''],[11900000000],5,"Lọ bằng nhựa, mùi thơi hơi nồng nhưng chất lượng tốt so với giá, shop gói hàng nhanh nhưng bên vận chuyển giao hơi lâu"
"Tinh Chất giảm Thâm, Trắng Da Balance Active Formula Vitamin C Brightening Serum 30ml",[''],[12900000000],5,Đóng gói hàng kĩ càng. Giao hàng nhanh. Serum này thì xài cực thích rùi
"Tinh Chất giảm Thâm, Trắng Da Balance Active Formula Vitamin C Brightening Serum 30ml",[''],[12900000000],5,"Shop giao hàng khá nhanh luôn 
Lần đầu mình mua sp nên chưa biết chất lượng như thế nào nếu sài oke hợp với da thì mình sẽ tiếp tục ủng hộ 
Mình đã check mã và 100% là chính hãng Anh Quốc nha"
"Tinh Chất giảm Thâm, Trắng Da Balance Active Formula Vitamin C Brightening Serum 30ml",[''],[11900000000],5,"Hình ảnh chỉ mang tính minh hoạ 
Tốt mình sẽ ủng hộ tiếp. Muốn mua phấn missa mà shop hết màu tự nhiên r kkkk"
"Tinh Chất giảm Thâm, Trắng Da Balance Active Formula Vitamin C Brightening Serum 30ml",[''],[14500000000],5,Giao hàng nhanhhhhhhhhh mong là da sẽ cải thiện tốt hoennnnnn
"Tinh Chất giảm Thâm, Trắng Da Balance Active Formula Vitamin C Brightening Serum 30ml",[''],[11900000000],5,"Shop giao hàng nhanh, đóng gói hàng cẩn thận, hàng đẹp lắm ạ 😍😍"
"Tinh Chất giảm Thâm, Trắng Da Balance Active Formula Vitamin C Brightening Serum 30ml",[''],[12900000000],5,Chưa sử dụng nên chưa biết ạ. Mong là hợp với sản phẩm. Sale được giá 129 😁
"Tinh Chất giảm Thâm, Trắng Da Balance Active Formula Vitamin C Brightening Serum 30ml",[''],[11900000000],5,"Sản phẩm tốt, dùng thích lắm thấm nhanh còn việc hỗ trợ trị thâm, trắng da dùng lâu mới biết😗"
"Tinh Chất giảm Thâm, Trắng Da Balance Active Formula Vitamin C Brightening Serum 30ml",[''],[14500000000],5,"Giao hàng nhanh , gói hàng chắc chắn , đã check sp , luôn ủng hộ shop"
"Tinh Chất giảm Thâm, Trắng Da Balance Active Formula Vitamin C Brightening Serum 30ml",[''],[11900000000],5,"đã nhận được hàng không biết hiệu quả không vì chưa sử dụng hehe
nhưng hàg chất lượng 
giá cũg rẻ"
"Tinh Chất giảm Thâm, Trắng Da Balance Active Formula Vitamin C Brightening Serum 30ml",[''],[12900000000],5,"Mới dùng 2 lần sáng và tối, hôm nay thấy bị nổi 2 con mụn, k biết do serum hay sự trùng hợp nữa.
Phải dùng lâu dài mới biết kết quả "
"Tinh Chất giảm Thâm, Trắng Da Balance Active Formula Vitamin C Brightening Serum 30ml",[''],[11900000000],5,"Hơi nghi nghi 
Sbjakajvdhdjdjskaksjdbsbbdbdbsbsbsvsvsvsvsv"
"Tinh Chất giảm Thâm, Trắng Da Balance Active Formula Vitamin C Brightening Serum 30ml",[''],[11900000000],5,Serum thơm nhẹ bôi k bết rít hiệu quả thì chưa biết sao nhg dùng vậy là thích rồi! Hy vọng có hiệu quả
"Tinh Chất giảm Thâm, Trắng Da Balance Active Formula Vitamin C Brightening Serum 30ml",[''],[11900000000],5,"Hàng auth, shop gói cẩn thận
Đánh giá chỉ mang tính chất lấy xu "
"Tinh Chất giảm Thâm, Trắng Da Balance Active Formula Vitamin C Brightening Serum 30ml",[''],[11500000000],5,"Giao hàng nhanh. 4 ngày là có. Từ HCM ra HN. Lọ serum khá là thơm, lọ nhựa, ko tem mác gì nhưng Mall nên có phần yên tâm. Hy vọng dùng okela"
"Tinh Chất giảm Thâm, Trắng Da Balance Active Formula Vitamin C Brightening Serum 30ml",[''],[12900000000],5,Giao hàng nhanh đóng gói đẹp chắc chắn hàng chuẩn   Mua được với giá sale nữa hhhhhhhhhhhhh
"Tinh Chất giảm Thâm, Trắng Da Balance Active Formula Vitamin C Brightening Serum 30ml",[''],[12900000000],5,"Hình ảnh mang tính chất minh hoạ nhé, serum giao nhanh, chuẩn nhé mn"
"Tinh Chất giảm Thâm, Trắng Da Balance Active Formula Vitamin C Brightening Serum 30ml",[''],[12900000000],5,"Shop đóng gói cẩn thận, kèm theo lời cảm ơn cũng dễ thương nữa, chưa dùng nên chưa biết chất lượng ra sao"
"Tinh Chất giảm Thâm, Trắng Da Balance Active Formula Vitamin C Brightening Serum 30ml",[''],[12900000000],5,Serum màu vàng có mùi thơm nhẹ. Chưa dùng nên ko biết sp tnao. Được tặng kèm mặt nạ ốc sên. Nếu dùng tốt sẽ tiếp tục mua ủng hộ shop. Giao hàng khá lâu
"Tinh Chất giảm Thâm, Trắng Da Balance Active Formula Vitamin C Brightening Serum 30ml",[''],[11400000000],5,"Đã nhận hàng, check mã vạch trên hộp thì ra nhưng vãn lo lắng vì mua được giá rẻ quá
Sài coi chất lượng thế nào "
"Tinh Chất giảm Thâm, Trắng Da Balance Active Formula Vitamin C Brightening Serum 30ml",[''],[14500000000],5,"Hộp to bên trong mà bé xíu ạ 
Thấy mn review tốt nên là dùg thử hihi"
"Tinh Chất giảm Thâm, Trắng Da Balance Active Formula Vitamin C Brightening Serum 30ml",[''],[12900000000],5,"Chưa sử dụng nên không biết có hiệu quả không , shop giao hàng nhanh"
"Tinh Chất giảm Thâm, Trắng Da Balance Active Formula Vitamin C Brightening Serum 30ml",[''],[11500000000],5,Shop đóng gói chắc chắn. Hàng shop mall nên yên tâm chất lượng. Chưa xài nên chưa biết ra sao nhưng thấy nhiều người khen
"Tinh Chất giảm Thâm, Trắng Da Balance Active Formula Vitamin C Brightening Serum 30ml",[''],[12500000000],5,"Giao hàng vẫn lâu như mọi khi, hàng vẫn yên tâm
Mong shop cải thiện tình trạng giao hàng nhanh hơn xíu :D"
"Tinh Chất giảm Thâm, Trắng Da Balance Active Formula Vitamin C Brightening Serum 30ml",[''],[11500000000],5,"Mua lân 2 rồi, tốt nhé, giao hàng nhanh, ....fcngcbgdafdssx"
"Tinh Chất giảm Thâm, Trắng Da Balance Active Formula Vitamin C Brightening Serum 30ml",[''],[11400000000],5,Shop giao hàng nhanh mà da m đang bị mụn k biết đừng có bị thêm k
"Tinh Chất giảm Thâm, Trắng Da Balance Active Formula Vitamin C Brightening Serum 30ml",[''],[12900000000],5,"Đóng gói sản phẩm chắc chắn , , dag sử dụng thấy sản phẩm cũng tốt , sẽ tiếp tục dùng , giao hàng nhanh , hình ảnh và video chỉ mang tính chất nhận xu , nói chung sản phẩm tốt
"
"Tinh Chất giảm Thâm, Trắng Da Balance Active Formula Vitamin C Brightening Serum 30ml",[''],[12500000000],5,"Sản phẩm đóng gói cẩn thận, mùi thơm nhẹ dễ chịu, thấm vào da nhanh."
"Tinh Chất giảm Thâm, Trắng Da Balance Active Formula Vitamin C Brightening Serum 30ml",[''],[14500000000],5,Mình ở ngoài Bắc thấy nhiều người mua nên tin tưởng ủng hộ shop.Ship nhanh chưa dùng nên chưa biết thế nào ❤️
"Tinh Chất giảm Thâm, Trắng Da Balance Active Formula Vitamin C Brightening Serum 30ml",[''],[11900000000],5,"Đóng gói sản phẩm rất đẹp và chắc chắn. Thời gian giao hàng rất nhanh. Bôi sản phẩm lên mặt thẩm thấu nhanh, k gây bết rít. Sẽ sử dụng và đánh giá thêm về công dụng của sản phẩm này."
"Tinh Chất giảm Thâm, Trắng Da Balance Active Formula Vitamin C Brightening Serum 30ml",[''],[11500000000],5,Hàng shop oke lắm nhé mn nên mua tui săn flash sale có 126k cả ship thôi à mua đi mn 
"Tinh Chất giảm Thâm, Trắng Da Balance Active Formula Vitamin C Brightening Serum 30ml",[''],[12900000000],5,"Hàng gói cẩn thận ạ
Uy tín. Chất lượng thì chưa dùng nên chưa pt ạ "
"Tinh Chất giảm Thâm, Trắng Da Balance Active Formula Vitamin C Brightening Serum 30ml",[''],[12900000000],5,Ship nhanh đúng phân loại sp - Hsd date xa !!! Và đóng gói cẩn thận !!! ^^ oke la
"Tinh Chất giảm Thâm, Trắng Da Balance Active Formula Vitamin C Brightening Serum 30ml",[''],[11900000000],5,Sản phẩm của bạn rất tốt! Mình đã sử dụng rồi nha. Sẽ luôn ủng hộ bạn ❤️❤️ 
"Tinh Chất giảm Thâm, Trắng Da Balance Active Formula Vitamin C Brightening Serum 30ml",[''],[11900000000],5,"Giao hàng nhanh, có hộp đựng, lần trước mình mua của shop kia kh có hộp thất vọng thật sự, hài lòng lắm ạ =))))))))"
"Tinh Chất giảm Thâm, Trắng Da Balance Active Formula Vitamin C Brightening Serum 30ml",[''],[11500000000],5,"Đã mua lần t2 tại shop sp này sd ok , giao hàng nhanh, sẽ tiếp tục ủng hộ"
"Tinh Chất giảm Thâm, Trắng Da Balance Active Formula Vitamin C Brightening Serum 30ml",[''],[14500000000],5,"Nhỏ nhỏ xinh xinh , mới dùng thử chưa biết thế nào "
"Tinh Chất giảm Thâm, Trắng Da Balance Active Formula Vitamin C Brightening Serum 30ml",[''],[11500000000],5,"Giao hàng nhanh , có quà tặng , quần chất lượng 🥰🥰🥰🥰❤️❤️❤️❤️🥰🥰🥰🥰🥰🥰🥰🥰🥰🥰🥰🥰🥰🥰🥰🥰🥰🥰❤️❤️🥰🥰🥰🥰🥰🥰🥰🥰🥰🥰"
"Tinh Chất giảm Thâm, Trắng Da Balance Active Formula Vitamin C Brightening Serum 30ml",[''],[11900000000],5,chất lượng sản phẩm chưa đung nên không biết đóng gói chắc chắn giá rẻ
"Tinh Chất giảm Thâm, Trắng Da Balance Active Formula Vitamin C Brightening Serum 30ml",[''],[11500000000],5,"Ok. Hàng auth săn sale giá rẻ
Shop ship hàng nhanh
Rất ok rất tuyệt vời"
"Tinh Chất giảm Thâm, Trắng Da Balance Active Formula Vitamin C Brightening Serum 30ml",[''],[12900000000],5,Nhân viên giao hàng nhiệt tình. Thời gian giao hàng nhanh. Sản phẩm sử dụng ok. Hỗ trợ việc trị thâm mụn hiệu quả. Đây là lần thứ hai mua lại sp này của shop
"Tinh Chất giảm Thâm, Trắng Da Balance Active Formula Vitamin C Brightening Serum 30ml",[''],[11500000000],5,"Hàng mall nên mình khá yên tâm, giao nhanh giá phải chăng hy vọng hợp vs da mình"
"Tinh Chất giảm Thâm, Trắng Da Balance Active Formula Vitamin C Brightening Serum 30ml",[''],[11500000000],5,Nsjjsnsbs bsbbdbnshdhsjnsbsbs d bdbsbdbbdndjsjsjsjsjksjdksj
"Tinh Chất giảm Thâm, Trắng Da Balance Active Formula Vitamin C Brightening Serum 30ml",[''],[11900000000],5,Nói chung là hàng ổn........................................................balsklfpgkmgpflgkgigktndndjsbdhdjdjrdiriirodfkmffkpfoggoirnebskrlenfkormflfoffkmfof
"Tinh Chất giảm Thâm, Trắng Da Balance Active Formula Vitamin C Brightening Serum 30ml",[''],[12900000000],5,Sp dùng tốt lắm. Bạn gói hàng cug đúng đẹp nữa. Mà mình quên chụp hình hihi
"Tinh Chất giảm Thâm, Trắng Da Balance Active Formula Vitamin C Brightening Serum 30ml",[''],[10900000000],5,Sản phẩm dùng rất thích và dễ dùng mùi thơm nữa hí hí
"Tinh Chất giảm Thâm, Trắng Da Balance Active Formula Vitamin C Brightening Serum 30ml",[''],[11500000000],5,"Ảnh chỉ mang tính chất minh hoạ, vote 5* cho shop. Hộp nguyên đai nguyên kiện, đầy đủ mã vạch"
"Tinh Chất giảm Thâm, Trắng Da Balance Active Formula Vitamin C Brightening Serum 30ml",[''],[12900000000],5,Xjdhdhdhdhdhdjdhdhshshdhshshdjdhddhdjdjdhdhdhdjdjdjdhdhdhdhdhdhdhdhd
"Tinh Chất giảm Thâm, Trắng Da Balance Active Formula Vitamin C Brightening Serum 30ml",[''],[11900000000],5,"Chưa xài nhưng hi vọng nó work trên da mình....



🥰🥰🥰🥰🥰🥰🥰🥰🥰🥰🥰🥰"
"Tinh Chất giảm Thâm, Trắng Da Balance Active Formula Vitamin C Brightening Serum 30ml",[''],[12900000000],5,"Gói hàng kĩ, thời gian giao nhanh, shipper thân thiện......"
"Tinh Chất giảm Thâm, Trắng Da Balance Active Formula Vitamin C Brightening Serum 30ml",[''],[11500000000],5,"Giao hàng nhanh  , đóng gói sản phẩm kỹ , mới nhận lúc sáng chưa biết chất lượng như nào "
"Tinh Chất giảm Thâm, Trắng Da Balance Active Formula Vitamin C Brightening Serum 30ml",[''],[11900000000],4,"Đóng gói chắc chắn, giao hàng nhanh, chưaa dùng sản phẩm này ở đây bao giờ nên chưa đánh giá chất lượng được "
"Tinh Chất giảm Thâm, Trắng Da Balance Active Formula Vitamin C Brightening Serum 30ml",[''],[11500000000],5,"Giao hàng nhanh, chất lượng sản phẩm chưa dùng, shop phục vụ tốt"
"Tinh Chất giảm Thâm, Trắng Da Balance Active Formula Vitamin C Brightening Serum 30ml",[''],[12500000000],5,"Mới xài hôm qua mà sáng nay dậy da căng mướt cưng lắm hehe. Mới bôi vô cảm giác hơi khó chịu da xíu nhưng 1p sau ẩm mướt lắm, về sáng da thì xài lâu mới biết được. Nhưng với giá này thì dưỡng ẩm mướt da đã là đáng tiền lắm r. Nên mua nha mng. "
"Tinh Chất giảm Thâm, Trắng Da Balance Active Formula Vitamin C Brightening Serum 30ml",[''],[12900000000],5,"Giao hàng nhanhhhhhhh
Đóng gói cẩn thậnnnnnn
Chưa xìa nên chưa biết ntn
Hàng chuẩn
Check mã 
Ok ok
Mà lọ nhựa nên nhìn cảm giác hơi lo chút"
"Tinh Chất giảm Thâm, Trắng Da Balance Active Formula Vitamin C Brightening Serum 30ml",[''],[11400000000],5,"Giao hành nhanh cực 
Chưa dùng nên chưa biết sp như thế nào
🤣🥺🧐❤️❤️🥲❤️🤣😁😏😋🤦‍♀️😫🤦‍♀️🥺🧐😁❤️🧐🤭😢🥺😢🧐🤣👋😢🥲"
"Tinh Chất giảm Thâm, Trắng Da Balance Active Formula Vitamin C Brightening Serum 30ml",[''],[11900000000],5,"Chai này thơm lắm nè
Bạkahajakbajanshsjsbhanakagsuahzhshs"
"Tinh Chất giảm Thâm, Trắng Da Balance Active Formula Vitamin C Brightening Serum 30ml",[''],[12900000000],5,Video không liên quan nhưng sản phẩm siêu tốt 🥰🥰🥰🥰🥰🥰🥰🥰🥰🥰🥰🥰🥰🥰
"Tinh Chất giảm Thâm, Trắng Da Balance Active Formula Vitamin C Brightening Serum 30ml",[''],[12900000000],3,"Giao hàng nhanh, đóng gói cẩn thận, nhưng hộp không có niêm phong hay dán lại gì cả, để lại dấu vết như bị khui ra vậy, chất lượng thì chưa xài nên chưa biết sao, nhưng nhìn hộp thì thấy mất điểm thật sự! "
"Tinh Chất giảm Thâm, Trắng Da Balance Active Formula Vitamin C Brightening Serum 30ml",[''],[12500000000],5,"Dung tot lam nha, có tac dung duong ẩm và trắng da mờ thâm đó hihihih"
"Tinh Chất giảm Thâm, Trắng Da Balance Active Formula Vitamin C Brightening Serum 30ml",[''],[10900000000],5,"Hình ảnh và video chỉ mang tính chất lấy xu
Shop cute ,phục vụ tốt, giao hàng nhanh. Sản phẩm có kèm thiệp rất chu đáo
Mua bên shopee mall nên cũng khá yên tâm. Chư dùng nên chưa biết hiệu quả hay không nhưng serum có mùi thơm đúng giống mùi vitamin c luôn


"
"Tinh Chất giảm Thâm, Trắng Da Balance Active Formula Vitamin C Brightening Serum 30ml",[''],[14500000000],5,"[TB] DV Loi nhan thoai cua Viettel: Quy khach co cuoc goi nho tu TB 0904828779 vao luc 16:36 19/01/21. De gui loi nhan thoai, vui long bam goi 1620904828779 (cuoc phi 300d/1 loi nhan thoai)"
"Tinh Chất giảm Thâm, Trắng Da Balance Active Formula Vitamin C Brightening Serum 30ml",[''],[12900000000],5,"Mua được gia sale nên khá ổn
Tinh chất có mùi thơm nhẹ, ko quá đặc
Chưa thấy tác dụng gì nhiều"
"Tinh Chất giảm Thâm, Trắng Da Balance Active Formula Vitamin C Brightening Serum 30ml",[''],[14500000000],5,"Sản phẩm như mô tả, giao hàng nhanh, đóng gói sản phẩm chắc chắn"
"Tinh Chất giảm Thâm, Trắng Da Balance Active Formula Vitamin C Brightening Serum 30ml",[''],[14500000000],5,"Shop gói hàng ki luong, serum mùi dễ chịu chưa dùng nen kh bt hieu qua the nao"
"Tinh Chất giảm Thâm, Trắng Da Balance Active Formula Vitamin C Brightening Serum 30ml",[''],[12900000000],5,"Chất lượng sản phẩm ổn, đóng gói đẹp tuy nhiên thời gian giao hàng hơi lâu"
"Tinh Chất giảm Thâm, Trắng Da Balance Active Formula Vitamin C Brightening Serum 30ml",[''],[11900000000],5,"Giao hàng cực nhanh
Đã mua lần thứ 3
Sài thích lắm"
"Tinh Chất giảm Thâm, Trắng Da Balance Active Formula Vitamin C Brightening Serum 30ml",[''],[11900000000],5,"Giao hàng nhanh, đóng gói cẩn thận.shop còn tặng thêm 1 mask ốc sên nữa. Vote 5 sao, chất lượng chưa sd, sẽ đánh giá sau "
"Tinh Chất giảm Thâm, Trắng Da Balance Active Formula Vitamin C Brightening Serum 30ml",[''],[11900000000],5,hàng như hình oke lắm nha chưa sài nên chưa biết hiệu quả hàng giao 3 ngày mà mình hóng quá nên thấy lâu........
"Tinh Chất giảm Thâm, Trắng Da Balance Active Formula Vitamin C Brightening Serum 30ml",[''],[13500000000],5,"sr mn mh để hình để lấy xu do mh bận k kịp chụp ảnh)Hàg đóng gói rất cẩn thận ship nhanh. Có điều bthg xài vitamin C xog đến the odinary thì nó sẽ kiểu dính dính giốg như mh đụng vô cái gì kẹo kẹo sức lên thoa ra bị xủi bọt trắng. Chai bằng nhựa mh cứ tưởg sành, 30ml nhưng do chất lỏng sẽ xài rấthao"
"Tinh Chất giảm Thâm, Trắng Da Balance Active Formula Vitamin C Brightening Serum 30ml",[''],[11900000000],5,Cmt mang tính chất lấy xu hsodkejeodkssjwksoojsodosdjxkso
"Tinh Chất giảm Thâm, Trắng Da Balance Active Formula Vitamin C Brightening Serum 30ml",[''],[12500000000],5,"Serum thơm, đóng gói chắc chắn. Mua mall nên cũng ăn tâm. Mình mới dùng nên chưa thấy khác biệt lắm"
"Tinh Chất giảm Thâm, Trắng Da Balance Active Formula Vitamin C Brightening Serum 30ml",[''],[11900000000],5,"Shop giao hàng nhanh, đc mua thêm 2 mặt nạ với giá 0đ sướng kinh á"
"Tinh Chất giảm Thâm, Trắng Da Balance Active Formula Vitamin C Brightening Serum 30ml",[''],[10500000000],5,"Hàng siêu ổn trong tầm giá thế này
Tks shop nhiều 😍😍😍😍😍😍. Chắc chắn mua tiếp nếu có sale"
"Tinh Chất giảm Thâm, Trắng Da Balance Active Formula Vitamin C Brightening Serum 30ml",[''],[12900000000],5,"Đóng gói chắc chắn, giao hàng nhanh, mùi rất thơm, xài rất thích ạ. Sau này sẽ tiếp tục mua ủng hộ shop 😘 i love you 3000 ❤"
"Tinh Chất giảm Thâm, Trắng Da Balance Active Formula Vitamin C Brightening Serum 30ml",[''],[12900000000],5,"Đóng gói sản phẩm chắc chắn 
Giao hàng nhanh 
Chưa sử dụng nên không biết như thế nào "
"Tinh Chất giảm Thâm, Trắng Da Balance Active Formula Vitamin C Brightening Serum 30ml",[''],[12500000000],5,Dành cho những ai mới sử dụng vitamin C mình dùng để làm sáng và trị thâm mụn khá ổn
"Tinh Chất giảm Thâm, Trắng Da Balance Active Formula Vitamin C Brightening Serum 30ml",[''],[9900000000],5,"Siêu siêu thích, lúc đầu dùng hơi ngứa nhưng sau này quen thì thấy rất mê, dạng này khá lỏng, mới dùng nên chưa thấy hiệu quả làm trắng"
"Tinh Chất giảm Thâm, Trắng Da Balance Active Formula Vitamin C Brightening Serum 30ml",[''],[11900000000],5,"Chưa dùng nên ko biết chất lượng nhưng vẫn rất vui vì giao nhanh,đóng gói kĩ,date mới."
"Tinh Chất giảm Thâm, Trắng Da Balance Active Formula Vitamin C Brightening Serum 30ml",[''],[10900000000],5,"Tôi đã nhận được hàng . Hàng giao khá nhanh .
Tôi mong đây là hàng thật vì tôi cũng chẳng biết phải kiểm tra nó như thế nào . 
Tôi tin tưởng shop nên đánh giá trước 5* .
Nếu phát hiện hàng fake thì tôi sẽ quay lại đánh giá 1* . 
Có điều là cho tôi hỏi tem được dán ở đâu vậy ạ? "
"Tinh Chất giảm Thâm, Trắng Da Balance Active Formula Vitamin C Brightening Serum 30ml",[''],[12500000000],5,Sản phẩm dạng lỏng thấm nhanh lên mặt mới dùng nên chưa thấy hiệu quả gì nhiều hợp với da chưa thấy kích ứng ( hình k liên quan)
"Tinh Chất giảm Thâm, Trắng Da Balance Active Formula Vitamin C Brightening Serum 30ml",[''],[11900000000],5,"Date xa, nguyên seal, cơ bản xài 1 thời gian mới đánh giá hiệu quả được"
"Tinh Chất giảm Thâm, Trắng Da Balance Active Formula Vitamin C Brightening Serum 30ml",[''],[14500000000],5,"Hang chinh hang, giao hang nhanh, shop phuc vu rat tot, cam on shop"
"Tinh Chất giảm Thâm, Trắng Da Balance Active Formula Vitamin C Brightening Serum 30ml",[''],[12500000000],5,Sản phẩm đóng gói kĩ. Chưa sử dụng nhưng mở hộp thấy có mùi thơm nhẹ
"Tinh Chất giảm Thâm, Trắng Da Balance Active Formula Vitamin C Brightening Serum 30ml",[''],[14500000000],5,"Giao hành siêu nhanh. Sản phẩm.hàng chính hãng, mới.sử dụng nên chứ biết có hợp.với da.ko"
"Tinh Chất giảm Thâm, Trắng Da Balance Active Formula Vitamin C Brightening Serum 30ml",[''],[11900000000],5,"Ship khá nhanh , lọ serum khá thơm 
Chưa sử dụng nên k biết hiệu quả như nào mong sẽ hỗ trợ trị thâm tốt xíu 
"
"Tinh Chất giảm Thâm, Trắng Da Balance Active Formula Vitamin C Brightening Serum 30ml",[''],[10500000000],5,"Sp đóng gói kỹ càng, giao hàng nhanh chóng, dùng lên da khá là ưng."
"Tinh Chất giảm Thâm, Trắng Da Balance Active Formula Vitamin C Brightening Serum 30ml",[''],[11500000000],5,Giao hàng nhanh săn đc sale giá mềm chất lượng thì chưa dùng nên chưa biết
"Tinh Chất giảm Thâm, Trắng Da Balance Active Formula Vitamin C Brightening Serum 30ml",[''],[12500000000],5,"Giá rẻ, gói hàng cẩn thận lại còn được tặng 1 mặt nạ nữa. Rất ưng nha."
"Tinh Chất giảm Thâm, Trắng Da Balance Active Formula Vitamin C Brightening Serum 30ml",[''],[12900000000],5,p2h4o3 e9x gp484b4owb3pt 596btjdpsbforj48wndnfkfofbfe
"Tinh Chất giảm Thâm, Trắng Da Balance Active Formula Vitamin C Brightening Serum 30ml",[''],[12500000000],5, giao hàng nhanh đóng gói cẩn thận sản phẩm chính hãng ICheck ra Thông tin sản phẩm 
"Tinh Chất giảm Thâm, Trắng Da Balance Active Formula Vitamin C Brightening Serum 30ml",[''],[14500000000],3,Đặt 3 sản phẩm mà shop chỉ giao có 2 sản phẩm. Lại ko dc kiểm hàng trước
"Tinh Chất giảm Thâm, Trắng Da Balance Active Formula Vitamin C Brightening Serum 30ml",[''],[12900000000],5,Thấy nhiều review tốt nên cũng mua sd thử xem sao có gì sẽ quay lại ủng hộ shop tiếp 
"Tinh Chất giảm Thâm, Trắng Da Balance Active Formula Vitamin C Brightening Serum 30ml",[''],[11900000000],5,"Sản phẩm rất tốtttttt
Giao hàng siêu nhanhhhhhh
Shipper nhiệt tìnhhhhhh"
"Tinh Chất giảm Thâm, Trắng Da Balance Active Formula Vitamin C Brightening Serum 30ml",[''],[12900000000],5,"Hàng chính hãng 
Chất lượng oke
Shop tư vấn nhiệt tình
Giao hàng nhanh"
"Tinh Chất giảm Thâm, Trắng Da Balance Active Formula Vitamin C Brightening Serum 30ml",[''],[10900000000],5,"Giao hàng nhanh. Đóng gói sản phẩm chắc chắn. Serum dạng lỏng, màu cam, thấm nhanh. Vết thâm đc mờ đi rõ rệt. "
"Tinh Chất giảm Thâm, Trắng Da Balance Active Formula Vitamin C Brightening Serum 30ml",[''],[10900000000],5,"Giao hàng nhanh. Đóng gói sản phẩm chắc chắn. Serum dạng lỏng, màu cam, thấm nhanh. Vết thâm đc mờ đi rõ rệt. "
"Tinh Chất giảm Thâm, Trắng Da Balance Active Formula Vitamin C Brightening Serum 30ml",[''],[11900000000],5,"Shop gói hàng kĩ, mình cũng chưa dùng nên chưa biết kết quả sao 🤎🤎🤎🤎🤎"
"Tinh Chất giảm Thâm, Trắng Da Balance Active Formula Vitamin C Brightening Serum 30ml",[''],[11500000000],5,"Sp mùi thơm nhẹ
Sd trên da ko bị kích ứng
Mua đc giá km còn 120k 
Lọ trông hơi vơi nhưng chắc kiểu như vậy"
"Tinh Chất giảm Thâm, Trắng Da Balance Active Formula Vitamin C Brightening Serum 30ml",[''],[11500000000],5,"Mới nhận sáng nay , chưa sử dụng nên chưa pk chất lượng sao"
"Tinh Chất giảm Thâm, Trắng Da Balance Active Formula Vitamin C Brightening Serum 30ml",[''],[12500000000],5,Hshdusbhxbdudj úbdusj hshshshbusbdudbhbsusjh hshushsbsus hsbhd sh
"Tinh Chất giảm Thâm, Trắng Da Balance Active Formula Vitamin C Brightening Serum 30ml",[''],[14500000000],5,"Shop thật tâm lý, che tên sản phẩm lại giúp mình, tuyệt vời, giao đúng sản phẩm, giao hàng nhanh"
"Tinh Chất giảm Thâm, Trắng Da Balance Active Formula Vitamin C Brightening Serum 30ml",[''],[11900000000],5,"Check ra hàng chuẩn, chưa sử dụng nên chưa đánh giá được hiệu quả. Giao hàng rất nhanh!"
"Tinh Chất giảm Thâm, Trắng Da Balance Active Formula Vitamin C Brightening Serum 30ml",[''],[12500000000],5,"Giao hàng đầy đủ,  có tem chống hàng giả.  Mong là sử dụng okkkkkkkk"
"Tinh Chất giảm Thâm, Trắng Da Balance Active Formula Vitamin C Brightening Serum 30ml",[''],[12900000000],5,"Check đc mã auth, nếu dùng được lần sau sẽ ủng hộ shop tiếp...."
"Tinh Chất giảm Thâm, Trắng Da Balance Active Formula Vitamin C Brightening Serum 30ml",[''],[12900000000],5,"Đóng gói sản phẩm rất đẹp và chắc chắn.
Thời gian giao hàng nhanh. "
"Tinh Chất giảm Thâm, Trắng Da Balance Active Formula Vitamin C Brightening Serum 30ml",[''],[14500000000],5,"Dùng ok, k thấy lên mụn, xài 1 time xem có cải thiện vết thâm k nhé"
"Tinh Chất giảm Thâm, Trắng Da Balance Active Formula Vitamin C Brightening Serum 30ml",[''],[12500000000],5,"Đóng gói kỹ càng, giáo hàng nhanh chóng. Về sản phẩm còn phải sử dụng lâu dài mới có thể đánh giá."
"Tinh Chất giảm Thâm, Trắng Da Balance Active Formula Vitamin C Brightening Serum 30ml",[''],[12900000000],5,"Giao hàng nhanh,,, giao đúng hàng......chất lượng......."
"Tinh Chất giảm Thâm, Trắng Da Balance Active Formula Vitamin C Brightening Serum 30ml",[''],[14500000000],5,"Dùng rất là thích 
Sẽ ủng hộ tiếp ạ ❤️❤️❤️❤️❤️❤️"
"Tinh Chất giảm Thâm, Trắng Da Balance Active Formula Vitamin C Brightening Serum 30ml",[''],[9900000000],5,Mùi thơm. Thấy mọi ngừoi recommend ác nên là cũng dùng thử xem sao. 
"Tinh Chất giảm Thâm, Trắng Da Balance Active Formula Vitamin C Brightening Serum 30ml",[''],[11900000000],4,"Sp mới sử dụng nên k biết, đóng gói chưa kỹ lắm bị móp hộp, nhân viên giao hàng mà k gọi"
"Tinh Chất giảm Thâm, Trắng Da Balance Active Formula Vitamin C Brightening Serum 30ml",[''],[10900000000],5,Dẹp 😒😒😇😍🙃😇🙃😒😘😒😁😘😁😘😁🙂😁😁😁😁😁😁🙃🙃😁🙂😁🙂😁😁🙂😄😉😁🙃😁🙃😁🙃😁🙂😁🙃😁🙃
"Tinh Chất giảm Thâm, Trắng Da Balance Active Formula Vitamin C Brightening Serum 30ml",[''],[12900000000],5,"Nói chung chất lượng ok mua quài nên biết
Yeah yeah yeah yeah yeah"
"Tinh Chất giảm Thâm, Trắng Da Balance Active Formula Vitamin C Brightening Serum 30ml",[''],[10500000000],5,"mới dùng mà thấy da căng mịn hơn chút ròii, chất lượng sản phẩm tuyệt vời quá "
"Tinh Chất giảm Thâm, Trắng Da Balance Active Formula Vitamin C Brightening Serum 30ml",[''],[12900000000],5,"Chai bằg nhựa, có mùi hương, ko bít có phải chính hãng hay ko phải sài thử đã giá khá oke "
"Tinh Chất giảm Thâm, Trắng Da Balance Active Formula Vitamin C Brightening Serum 30ml",[''],[9900000000],5,"Đóng gói chắc chắn, có chống sốc. Săn deal 99k, có mùi thơm, chai nhựa hk phải thủy tinh nhé. 
Mới sử dụng lần đầu nên chưa biết hiệu quả thế nào"
"Tinh Chất giảm Thâm, Trắng Da Balance Active Formula Vitamin C Brightening Serum 30ml",[''],[14500000000],5,"Giao hàng nhanh, đóng gói cẩn thận. Đã mua lần 2"
"Tinh Chất giảm Thâm, Trắng Da Balance Active Formula Vitamin C Brightening Serum 30ml",[''],[11900000000],5,K biết check hàng chuẩn hay k . Nhưng nhìn sản phẩm bao bì đẹp. 
"Tinh Chất giảm Thâm, Trắng Da Balance Active Formula Vitamin C Brightening Serum 30ml",[''],[14500000000],5,"Giao hàng nhanh, đóng gói kĩ, mẫu mã đẹp, thấy review tốt nên mình mua dùng thử "
"Tinh Chất giảm Thâm, Trắng Da Balance Active Formula Vitamin C Brightening Serum 30ml",[''],[10900000000],5,"de dang ky tai khoan cua ban. Khong chia se mat khau nay cho bat ky ai, ngay ca voi Gojek http"
"Tinh Chất giảm Thâm, Trắng Da Balance Active Formula Vitamin C Brightening Serum 30ml",[''],[13200000000],5,Serum dùng thích. mong là sẽ nhanh có hiệu quả. Đóng gói kĩ. lần sau sẽ ủng hộ ndndndnxnxmxxmxmxmxmxmmxxmxmmxxkkxkxkxkxkxmxmxmx
"Tinh Chất giảm Thâm, Trắng Da Balance Active Formula Vitamin C Brightening Serum 30ml",[''],[9900000000],5,"Giao hàng nhanh, đóng gói sản phẩm chắc chắn. Serum dùng ok, sẽ còn ủng hộ thêm"
"Tinh Chất giảm Thâm, Trắng Da Balance Active Formula Vitamin C Brightening Serum 30ml",[''],[12500000000],5,"Giao đúng đủ sản phẩm, hàng chính hãng, mình dùng thấy rất ưng, giao hàng lâu"
"Tinh Chất giảm Thâm, Trắng Da Balance Active Formula Vitamin C Brightening Serum 30ml",[''],[13200000000],5,"Mình ở HN mà giao hàng nhanh hơn mong đợi ạ, đóng gói cẩn thận, lần đầu dùng mong hiệu quả"
"Tinh Chất giảm Thâm, Trắng Da Balance Active Formula Vitamin C Brightening Serum 30ml",[''],[12500000000],5,giao hàng nhanh nhma chưa sử dụng nên cũng không biết chất lượng như nào
"Tinh Chất giảm Thâm, Trắng Da Balance Active Formula Vitamin C Brightening Serum 30ml",[''],[12500000000],5,"đóng gói sản phẩm rất cẩn thận
chất lượng như thế nào thì phải dùng một thời gian"
"Tinh Chất giảm Thâm, Trắng Da Balance Active Formula Vitamin C Brightening Serum 30ml",[''],[13200000000],5,Đã nhận được hàng nhưng chưa dùng nên chưa biết !!!!!!!!!!!!!!
"Tinh Chất giảm Thâm, Trắng Da Balance Active Formula Vitamin C Brightening Serum 30ml",[''],[14500000000],5,Hàng chính hãng á mn nên mua nhé xịn rẻ nói chung là okk là ......
"Tinh Chất giảm Thâm, Trắng Da Balance Active Formula Vitamin C Brightening Serum 30ml",[''],[13200000000],5,"Giao hàng nhanh, mùi thơm, mình để trong tủ lạnh nên xài rất mát, dễ chịu, mỗi tội qua nay da mình bị khô rất nhiều không biết do thời tiết or cấp ẩm không đủ, mọi người lưu ý khi xài sp này nhé"
"Tinh Chất giảm Thâm, Trắng Da Balance Active Formula Vitamin C Brightening Serum 30ml",[''],[12900000000],5,
"Tinh Chất giảm Thâm, Trắng Da Balance Active Formula Vitamin C Brightening Serum 30ml",[''],[10900000000],5,Chai nhỏ xíu à. Fash sale và hoàn xu. Tính ra chưa tới 100k. Mình sẽ dùng thử. Hihi
"Tinh Chất giảm Thâm, Trắng Da Balance Active Formula Vitamin C Brightening Serum 30ml",[''],[13200000000],5,"lọ serum hơi nhỏ nhưng có võ nha mng, dùng tầm 2 tuần sẽ có hiệu quat mờ thâm, sáng da"
"Tinh Chất giảm Thâm, Trắng Da Balance Active Formula Vitamin C Brightening Serum 30ml",[''],[13200000000],5,Giao đúng hàng và cực nhanh siêu tốccccc chất lượng oke vì mall
"Tinh Chất giảm Thâm, Trắng Da Balance Active Formula Vitamin C Brightening Serum 30ml",[''],[10900000000],5,"Hàng đúng yk hình, đóng gói kĩ càng, giao hàng nhanh. mua mall nên yên tâm sale giá rẻ nữa @@@@@@@@@@@@@@@@@@@@@@@"
"Tinh Chất giảm Thâm, Trắng Da Balance Active Formula Vitamin C Brightening Serum 30ml",[''],[9900000000],5,"Shop phục vụ rất tốt!
Hình ảnh và video mang tính chất nhận xu"
"Tinh Chất giảm Thâm, Trắng Da Balance Active Formula Vitamin C Brightening Serum 30ml",[''],[9900000000],5,"Lần đâu tiên mua sản phẩm này. Mong là sẽ xài hợp. Giá mua sale nên khá rẻ, có 99k. Nếu dùng tốt sẽ quay lại mua tiếp."
"Tinh Chất giảm Thâm, Trắng Da Balance Active Formula Vitamin C Brightening Serum 30ml",[''],[10900000000],5,mình mua lần 2 rồi khá yên tâm vì là mall moi nguoi nen mua nhe gia sale con 109k dat 3 chai 322k
"Tinh Chất giảm Thâm, Trắng Da Balance Active Formula Vitamin C Brightening Serum 30ml",[''],[10500000000],5,"Serum thơm mà săn sale khá rẻ luôn ấy, dùng thoải mái luôn nha 👌"
"Tinh Chất giảm Thâm, Trắng Da Balance Active Formula Vitamin C Brightening Serum 30ml",[''],[10500000000],5,Đóng gói sp cẩn thận! Shop mall nên cũng yên tâm hơn! Chưa dùng nên chứ biết. Nếu tốt sẽ quay lại mua
"Tinh Chất giảm Thâm, Trắng Da Balance Active Formula Vitamin C Brightening Serum 30ml",[''],[10900000000],5,"30ml nên siêu nhỏ
Giao hàng nhanhhhhhhhhhhhhhhhhhhhhhhhhhh"
"Tinh Chất giảm Thâm, Trắng Da Balance Active Formula Vitamin C Brightening Serum 30ml",[''],[10900000000],5,Chưa sử dụng nên chưa biết chất lương thế nào ảnh ko liên quan đến hình lắm🐷
"Tinh Chất giảm Thâm, Trắng Da Balance Active Formula Vitamin C Brightening Serum 30ml",[''],[10900000000],5,"Chai nhựa, serum lỏng, với mình thì mũi dễ chịu, sài mịn da rất thích"
"Tinh Chất giảm Thâm, Trắng Da Balance Active Formula Vitamin C Brightening Serum 30ml",[''],[10900000000],5,"Shop đóng gói chắc chắn như yêu cầu của mình, sản phẩm chưa dùng nhưng nhìn rất ok, dùng xong sẽ review lại, tks shop"
"Tinh Chất giảm Thâm, Trắng Da Balance Active Formula Vitamin C Brightening Serum 30ml",[''],[10900000000],5,"Hàng chuẩn auth,đã check mã vạch. Sale nên mua 2 hộp luôn.Có mùi thơm nhẹ, chất hơi sệt, bôi lên thấm rất nhanh, k nhờn dính. Hiệu quả thì phải để dùng mới biết. Nếu ok sẽ mua nữa và đánh giá ở lần sau"
"Tinh Chất giảm Thâm, Trắng Da Balance Active Formula Vitamin C Brightening Serum 30ml",[''],[10900000000],5,Shop giao hàng nhanh. Đóng gói đẹp😉🖤 tư vấn nhiệt tình. Hộp xịn xò ghê. 
"Tinh Chất giảm Thâm, Trắng Da Balance Active Formula Vitamin C Brightening Serum 30ml",[''],[10500000000],5,"Chất lượng sản phẩm tuyệt vơi, đóng gói chắc chắn............"
"Tinh Chất giảm Thâm, Trắng Da Balance Active Formula Vitamin C Brightening Serum 30ml",[''],[10900000000],5,Waaaaaaaaaaaaaaaaaaaaa ooooooooookooolkkklkkkkkkkkkk
"Tinh Chất giảm Thâm, Trắng Da Balance Active Formula Vitamin C Brightening Serum 30ml",[''],[10900000000],5,"Hơi nhỏ nhưng ok lắm nha mng, k nhờn rít thấm nhanh. "
"Tinh Chất giảm Thâm, Trắng Da Balance Active Formula Vitamin C Brightening Serum 30ml",[''],[10900000000],5,"Sản phẩm xài ch có sự tiến bộ, chắc để xem ntn ạ, hàng giao nhanh"
"Tinh Chất giảm Thâm, Trắng Da Balance Active Formula Vitamin C Brightening Serum 30ml",[''],[10900000000],5,"Giao hàng lâu thấm nhanh nhưng sao ống sirum nó cong veo vậy ko biết Mình bảo quản ở tủ lạnh ko biết dc không
"
"Tinh Chất giảm Thâm, Trắng Da Balance Active Formula Vitamin C Brightening Serum 30ml",[''],[9900000000],5,"Giao hàng từ tp hcm mà cũng nhanh, mình mua 2 hộp giao đủ số lượng còn chất lg thì phải dùng thử mới biết đc "
"Tinh Chất giảm Thâm, Trắng Da Balance Active Formula Vitamin C Brightening Serum 30ml",[''],[9900000000],5,"Hông biết có hiệu quả không nữa chỉ mong là sẽ ổn áp, săn được sale nên giá cả vừa phải"
"Tinh Chất giảm Thâm, Trắng Da Balance Active Formula Vitamin C Brightening Serum 30ml",[''],[10500000000],5,Tốt tttttttttttttttttttttttttttttttttttttttttttttttt
"Tinh Chất giảm Thâm, Trắng Da Balance Active Formula Vitamin C Brightening Serum 30ml",[''],[12500000000],5,"Hàng rất ok nha! Serum chính hãng, dùng rất thích. Thank shop nhéee <3"
"Tinh Chất giảm Thâm, Trắng Da Balance Active Formula Vitamin C Brightening Serum 30ml",[''],[13200000000],5,"Shop chuẩn bị đơn hàng nhanh
Giao hàng nhanh

Đóng gói chắc chắn"
"Tinh Chất giảm Thâm, Trắng Da Balance Active Formula Vitamin C Brightening Serum 30ml",[''],[10900000000],5,"Shop đóng gói rất cẩn thận, hàng chính hãng sẽ ủng hộ shop nhiều ạ"
"Tinh Chất giảm Thâm, Trắng Da Balance Active Formula Vitamin C Brightening Serum 30ml",[''],[13200000000],5,"Chưa xài nên chưa biết chất lượng ra sao
"
"Tinh Chất giảm Thâm, Trắng Da Balance Active Formula Vitamin C Brightening Serum 30ml",[''],[9900000000],5,"Giao hàng nhanh, đóng gói chắc chắn, sale còn 99k quá rẻ. Thấy nhiều bạn review tốt nên mua thử"
"Tinh Chất giảm Thâm, Trắng Da Balance Active Formula Vitamin C Brightening Serum 30ml",[''],[9900000000],5,Gdhfhvjvjvjvufufufufufufufufufufjfjfjgufufugugiguf
"Tinh Chất giảm Thâm, Trắng Da Balance Active Formula Vitamin C Brightening Serum 30ml",[''],[10500000000],5,"Chưa dùng nên chưa biết thế nào. 
Hàng giao nhanh.
Điểm trừ là hộp k có seal. Chai cũng k seal. Khách k thể biết đc sp đã bị mở ra chưa. "
"Tinh Chất giảm Thâm, Trắng Da Balance Active Formula Vitamin C Brightening Serum 30ml",[''],[13200000000],5,"Shop đóng gói cẩn thận
Sẽ ủng hộ tiếp ạ⌚️📱📱💾⌛️🖱⏳🖱💾⏳⏲💾⏲🖱🖱🖱⏳⏳🖱🔦🖱"
"Tinh Chất giảm Thâm, Trắng Da Balance Active Formula Vitamin C Brightening Serum 30ml",[''],[13200000000],5,Shop  giao hàng  nhanh ạ. Mới đặt trua hwa hôm nay đã giao  ui ạ. Cho shop 5* ạ
"Tinh Chất giảm Thâm, Trắng Da Balance Active Formula Vitamin C Brightening Serum 30ml",[''],[10900000000],5,"Gói hàng kỹ, shop nhiệt tình, săn sale đặt nhầm 2 chai, thanh toán rồi báo shop vẫn cho huỷ đặt lại. Mùi thơm ok bôi thử lên tay thấy chất kiểu serum, ko qá lỏng ko qá đặc, trong, thấm nhanh, 1 lúc thì chỗ da trên tay khá mát & mịn"
"Tinh Chất giảm Thâm, Trắng Da Balance Active Formula Vitamin C Brightening Serum 30ml",[''],[11900000000],5,"Mùi thơm, chưa xài nên k dám rew liều cho ce, giao hơi lâu, bọc cẩn thận, giá cả bt cũng k hẳn rẻ. Chỉ mong hàng chuẩn vì check chưa kỹ nên k dám nói"
"Tinh Chất giảm Thâm, Trắng Da Balance Active Formula Vitamin C Brightening Serum 30ml",[''],[13200000000],5,"Giao hàng nhanh , đóng gói cẩn thận, jd dkndnsksn dknsn"
"Tinh Chất giảm Thâm, Trắng Da Balance Active Formula Vitamin C Brightening Serum 30ml",[''],[10900000000],5,"Đóng gói hàng oke, chất lượng sản phẩm chưa dùng nên kb như nào"
"Tinh Chất giảm Thâm, Trắng Da Balance Active Formula Vitamin C Brightening Serum 30ml",[''],[13200000000],5,"thấy mì bốc khói nghi ngút là biết ngon r, còn serum thì mình sd mới mấy ngày chưa thấy hiệu quả gì hết, lỏng nên hơi tốn hic"
"Tinh Chất giảm Thâm, Trắng Da Balance Active Formula Vitamin C Brightening Serum 30ml",[''],[12500000000],5,"Đã mua nhiều lần của shop
Dùng xong sáng thấy rất mịn da, giảm thâm. Rất thích"
"Tinh Chất giảm Thâm, Trắng Da Balance Active Formula Vitamin C Brightening Serum 30ml",[''],[10500000000],5,"hàng đẹpppp lắm nha mn, nên mua 
hình ảnh ko liên quan chỉ mang tính chất lấy xu"
"Tinh Chất giảm Thâm, Trắng Da Balance Active Formula Vitamin C Brightening Serum 30ml",[''],[13200000000],5,"Thơm, sd mới biết đc kết quả như nào. Mong là cải thiện tốt đc da "
"Tinh Chất giảm Thâm, Trắng Da Balance Active Formula Vitamin C Brightening Serum 30ml",[''],[10500000000],5,Shop phục vụ tốt. Giao hàng nhanh.......................
"Tinh Chất giảm Thâm, Trắng Da Balance Active Formula Vitamin C Brightening Serum 30ml",[''],[10900000000],5,"Thời gian giao hàng nhanhhhhhh
Đóng gói sản phẩm okeeeeeeeee"
"Tinh Chất giảm Thâm, Trắng Da Balance Active Formula Vitamin C Brightening Serum 30ml",[''],[10500000000],5,giao hành nhanh hàng mua tại maill nên yên tâm chuẩn chính hãng nha
"Tinh Chất giảm Thâm, Trắng Da Balance Active Formula Vitamin C Brightening Serum 30ml",[''],[9300000000],5,Hiện tại thì đây là mẫu mới của Vit C Balance năm nay. Lúc đầu thì hơi hoang mang vì không giống lọ serum của balance cũ mình xài. Nhưng sau khi search tìm hiểu thì đây là mẫu mới. Màu serum cũng tối hơn. Check được mã vạch trên hộp. Tin tưởng chính hãng. Bây giờ xài lên mặt được rồi.
"Tinh Chất giảm Thâm, Trắng Da Balance Active Formula Vitamin C Brightening Serum 30ml",[''],[13500000000],5,"Có tem phụ đàng hoàng. Mùi dễ chịu, thấm nhanh. Cái này xài để làm quen với vitamin C thôi chứ chắc không trắng nổi"
"Tinh Chất giảm Thâm, Trắng Da Balance Active Formula Vitamin C Brightening Serum 30ml",[''],[13200000000],5,"thấy review khá nhiều nên mua xài thử coi ổn ko, nhận hàng đóng gói cẩn thận"
"Tinh Chất giảm Thâm, Trắng Da Balance Active Formula Vitamin C Brightening Serum 30ml",[''],[9900000000],5,"giao đủ, mua đợt săn flash sale nên rẻ hơn nhiều, đã mua nhiều lần"
"Tinh Chất giảm Thâm, Trắng Da Balance Active Formula Vitamin C Brightening Serum 30ml",[''],[10900000000],5,"dùng lần đầu, hi vọng sẽ đạt hiệu quả như mong đợi, shop gói hàng kĩ giao nhanh"
"Tinh Chất giảm Thâm, Trắng Da Balance Active Formula Vitamin C Brightening Serum 30ml",[''],[10900000000],5,"shop giao nhanh, gói hàng kì, đầy đủ, nc hoa khá thơm, giá rẻ hi vọng hàng chuẩn, cám ơn shop"
"Tinh Chất giảm Thâm, Trắng Da Balance Active Formula Vitamin C Brightening Serum 30ml",[''],[9900000000],5,"Sản phẩm tốt lấm nha 
Okkkkkkkkkkkkkkkkkkkkkkkkkkkkkkkkk"
"Tinh Chất giảm Thâm, Trắng Da Balance Active Formula Vitamin C Brightening Serum 30ml",[''],[10900000000],5,Chất lượng oke đánh giá để nhận xu.......................
"Tinh Chất giảm Thâm, Trắng Da Balance Active Formula Vitamin C Brightening Serum 30ml",[''],[10500000000],5,"Đã dùng và mua lại của shop lần 2, serum có hiệu quả trong việc trị thâm mụn, mùi thơm, sau tg dùng mình thất da mềm mại mịn màng vào đều màu hơn 😍😍😍😍😍😍🥰😍😍"
"Tinh Chất giảm Thâm, Trắng Da Balance Active Formula Vitamin C Brightening Serum 30ml",[''],[10500000000],5,"Eo ôi, ta nói mới sử dụng có 1 lần mà da nó mướt dễ sợ luôn á.  Ưng cực kì luôn, sẽ ủng hộ shop tiếp ạ ( giao hàng siêu nhanh luôn) "
"Tinh Chất giảm Thâm, Trắng Da Balance Active Formula Vitamin C Brightening Serum 30ml",[''],[10900000000],5,"Trước đây sử dụng sp này trị mụn, giờ chuyển sang vitamin c để dưỡng lại da"
"Tinh Chất giảm Thâm, Trắng Da Balance Active Formula Vitamin C Brightening Serum 30ml",[''],[10900000000],5,"Serum lỏng,thấm nhanh.Mua hàng ở shopee mall nên cũng yên tâm."
"Tinh Chất giảm Thâm, Trắng Da Balance Active Formula Vitamin C Brightening Serum 30ml",[''],[10900000000],5,"Thấm nhanh, không bí rít trên da 
Hiệu quả thì mới dùng nên chưa biết thế nào okkk😍😍😍😍"
"Tinh Chất giảm Thâm, Trắng Da Balance Active Formula Vitamin C Brightening Serum 30ml",[''],[9300000000],5,"Sản phẩm rẻ, chất lượng, k rít như vtmC hãng khác mà còn cấp ẩm, mùi nhẹ nhàng dạng sệt lỏng"
"Tinh Chất giảm Thâm, Trắng Da Balance Active Formula Vitamin C Brightening Serum 30ml",[''],[9300000000],5,Đongs gói cẩn thận giao hàng nhanh có tem phụ bằng tiếng việt shop mall nên cũng khá yên tâm serum lỏng thấm khá nhanh
"Tinh Chất giảm Thâm, Trắng Da Balance Active Formula Vitamin C Brightening Serum 30ml",[None],[10500000000],5,"Mình đã nhận được hàng và đang sử dụng....
Mới dùng nên cũng chưa biết hiệu quả thế nào
Nhưng mua đc với giá rẻ mà lại là hàng chính hãng nữa... quá tuyệt vời luôn ý.
Mọi người nên tham khảo mua ở shop nếu thấy sản phẩm hợp với da của các bạn nhé 😘
Chất lượng sản phẩm tuyệt vời...giao hàng nhanh..."
"Tinh Chất giảm Thâm, Trắng Da Balance Active Formula Vitamin C Brightening Serum 30ml",[''],[10500000000],5,"Mình chưa xài loại này bao giờ nên k biết đây là hàng thật hay nhái, hy vọng đây là thật vì là shop mall. Một chút cảm nhận của mình khi mới mở ra là mùi khá nồng, như nước hoa vậy đó, da mình có chút nhạy cảm với hương liệu nên k biết có sao k :(( apply thử lên tay thì lỏng, thấm nhanh và mịn"
"Tinh Chất giảm Thâm, Trắng Da Balance Active Formula Vitamin C Brightening Serum 30ml",[''],[10900000000],5,"Mình đã mua lần 2 , dùng có mờ thâm nhưng phải dùng lâu ,hàng chính hãng nên yên tâm "
"Tinh Chất giảm Thâm, Trắng Da Balance Active Formula Vitamin C Brightening Serum 30ml",[''],[13500000000],5,"Giao hàng nhanhhh, đóng gói cẩn thận, thấm vào da khá nhanh, còn hiệu quả thì chưa thấy rõ lắm"
"Tinh Chất giảm Thâm, Trắng Da Balance Active Formula Vitamin C Brightening Serum 30ml",[''],[10900000000],5,Chất lượng sản phẩm tuyệt vời dùng thấy da sáng lên hẳn đóng hàng chắc chắn
"Tinh Chất giảm Thâm, Trắng Da Balance Active Formula Vitamin C Brightening Serum 30ml",[''],[10900000000],5,"Hình ảnh chỉ mang tính chất lấy xu 
Hàng trông khá chất lượng vỏ hộp đầy đủ tem phụ các thứ trông chuẩn hàng auth mình đoán thế chứ cũng chưa có check mã .Dùng đc 2 days thì cũng thấy ok k nhờn rít thẩm thấu tốt về độ trắng hay giản thâm hiệu quả hay k hồi sau sẽ rỏ ."
"Tinh Chất giảm Thâm, Trắng Da Balance Active Formula Vitamin C Brightening Serum 30ml",[''],[10500000000],5,"Giáo hàng nhanh, 1 ngày đã có rồi, đc giá sale nên rất ưng ý. ^.^"
"Tinh Chất giảm Thâm, Trắng Da Balance Active Formula Vitamin C Brightening Serum 30ml",[''],[10500000000],5,Đã mua của shop 3 lần nên rất yên tâm. Check được mã vạch chuẩn auth
"Tinh Chất giảm Thâm, Trắng Da Balance Active Formula Vitamin C Brightening Serum 30ml",[''],[9900000000],5,
"Tinh Chất giảm Thâm, Trắng Da Balance Active Formula Vitamin C Brightening Serum 30ml",[''],[13500000000],5,Serum nhìn packing k xịn sò mấy. Nhưng mình thấy review tốt nên mua thử. Hi vọng có tác dụng.
"Tinh Chất giảm Thâm, Trắng Da Balance Active Formula Vitamin C Brightening Serum 30ml",[''],[9300000000],5,"Chất lượng sảnn phẩm tuyệt vờiiiiiiiiiii, đongs góiiiiii sản phẩmmm rất tốtttt"
"Tinh Chất giảm Thâm, Trắng Da Balance Active Formula Vitamin C Brightening Serum 30ml",[''],[13200000000],5,"Đã nhận được hàng của shop, shipper thân thiện. Lần đầu mua sản phẩm của shop, nếu tốt sẽ tiếp tục ủng hộ 👍"
"Tinh Chất giảm Thâm, Trắng Da Balance Active Formula Vitamin C Brightening Serum 30ml",[''],[13200000000],5,Mua đồ của shop lần thứ n roi nhé. Chất lượng . Ủng. Hộ dài dài 
"Tinh Chất giảm Thâm, Trắng Da Balance Active Formula Vitamin C Brightening Serum 30ml",[''],[10500000000],5,"Đóng gói cẩn thận, hàng chính hãng. Mấy ngày đầu xài khá thích, mướt da, bảo quản tủ lạnh nên rất mát, lành tính không kích ứng, apply lên có chút dính dính. Còn về khả năng làm trắng thì mới xài chưa biết, nhưng chắc không ăn thua vì nồng độ vitamin c thấp."
"Tinh Chất giảm Thâm, Trắng Da Balance Active Formula Vitamin C Brightening Serum 30ml",[''],[13200000000],5,
"Tinh Chất giảm Thâm, Trắng Da Balance Active Formula Vitamin C Brightening Serum 30ml",[''],[9300000000],5,"Bây giờ anh biết vì sao
Gặp nhau biển xô sóng trào
Đi về đâu cũng là thế"
"Tinh Chất giảm Thâm, Trắng Da Balance Active Formula Vitamin C Brightening Serum 30ml",[''],[13200000000],5,"Tinh chất giảm thâm Vitamin C đóng gói cẩn thận, giao hàng nhanh"
"Tinh Chất giảm Thâm, Trắng Da Balance Active Formula Vitamin C Brightening Serum 30ml",[''],[10500000000],5,"Đánh giá để lấy Xu vì sản phẩm k có gì để bàn rồi. Đóng gói cẩn thận, giao hàng hơi lâu"
"Tinh Chất giảm Thâm, Trắng Da Balance Active Formula Vitamin C Brightening Serum 30ml",[''],[10900000000],5,"Giao hàng rất nhanh, hàng chính hãng nha mn, cho shop 5*❤❤❤❤❤❤"
"Tinh Chất giảm Thâm, Trắng Da Balance Active Formula Vitamin C Brightening Serum 30ml",[''],[12900000000],5,"Nội tphcm đặt hôm trước hôm sau có liền. Ship nhanh, mua của mall nên cũng an tâm, đóng gói bọc sốp cẩn thận. Pass áo thun va quan 150k,ai mua ib mình new 100%"
"Tinh Chất giảm Thâm, Trắng Da Balance Active Formula Vitamin C Brightening Serum 30ml",[''],[10800000000],5,"Hộp đựng hàng bị móp thành ra nhìn cứ bị cũ cũ, không được xịn xò lắm. Vỏ chai làm bằng nhựa mỏng cầm nhẹ tay và cũng cảm giác không xịn xò lun (lúc order thì nghĩ là chai thủy tinh dày dặn như các loại serum C khác cơ). Chất lượng thì chưa dùng nên cũng không biết được. "
"Tinh Chất giảm Thâm, Trắng Da Balance Active Formula Vitamin C Brightening Serum 30ml",[''],[10500000000],5,Okkkkkkkkkkkkkkkkkkkkkkkk
"Tinh Chất giảm Thâm, Trắng Da Balance Active Formula Vitamin C Brightening Serum 30ml",[''],[10500000000],5,"Sản phẩm okkkkkkkkkkkkkk
Kkkkkkkkkkkkkkkkkkkkkkkkkkkkkk"
"Tinh Chất giảm Thâm, Trắng Da Balance Active Formula Vitamin C Brightening Serum 30ml",[''],[9300000000],5,"Ảnh với video klq nhưng sản phẩm rất tốt 
Giao hàng nhanh 
Mua dc giá sale nên rất rẻ ｡◕‿◕｡(◍•ᴗ•◍)(◍•ᴗ•◍)(◍•ᴗ•◍)(◍•ᴗ•◍)(◍•ᴗ•◍)(◍•ᴗ•◍)(人 •͈ᴗ•͈)(人 •͈ᴗ•͈)(人 •͈ᴗ•͈)(ʘᴗʘ✿)(ʘᴗʘ✿)(◕ᴗ◕✿)(✷‿✷)(. ❛ ᴗ ❛.)(◔‿◔)"
"Tinh Chất giảm Thâm, Trắng Da Balance Active Formula Vitamin C Brightening Serum 30ml",[''],[9800000000],5,"Tiệm cafe hồng Kong siêu xinh, ghé 35 Trường Chinh, exit coffee, phường lê lợi, TP Vinh nhé"
"Tinh Chất giảm Thâm, Trắng Da Balance Active Formula Vitamin C Brightening Serum 30ml",[''],[9800000000],5,"Hàng shop khá oki. Mua ngay deal sale quá hời
Vote shop 5 sao nhé
Nhưng vì em không dùng nên không có hình ak 😥😥"
"Tinh Chất giảm Thâm, Trắng Da Balance Active Formula Vitamin C Brightening Serum 30ml",[''],[10900000000],3,"Shop tư vấn và trả lời nhiệt tình. . Hy vọng sẽ hiệu quả ạ.
Sau khi dùng thì bị nổi mụn cả mật. Nên mk đã phải dừng 😭"
"Tinh Chất giảm Thâm, Trắng Da Balance Active Formula Vitamin C Brightening Serum 30ml",[''],[10500000000],5,Dj c n h h h jbkbkbj knibj j h j j h h yv k h h j hvh j h j kjj k kbjvj n h. K h h nn j j k ubk kbkbjvj m k 
"Tinh Chất giảm Thâm, Trắng Da Balance Active Formula Vitamin C Brightening Serum 30ml",[''],[10900000000],5,Giao hàng nhanh lắm ạ. Mua của mall chắc k phải hàng giả :)))))
"Tinh Chất giảm Thâm, Trắng Da Balance Active Formula Vitamin C Brightening Serum 30ml",[''],[9300000000],5,"Hàng ok giống y như hình, chất lượng để dùng một thời gian rồi đánh giá tiếp, giao hàng trong 3 ngày."
"Tinh Chất giảm Thâm, Trắng Da Balance Active Formula Vitamin C Brightening Serum 30ml",[''],[11900000000],5,Okeeeeeeeeeeeeeeeeeeeeeeeeeeeeeeeeeeeeeee vô cực chữ e
"Tinh Chất giảm Thâm, Trắng Da Balance Active Formula Vitamin C Brightening Serum 30ml",[''],[9800000000],5,Lần t3 quay lại shop chất lượng vẫn tuyệt đối 100% giao hàng nhanh gói hàng kĩ săn sale nên giá bèo lắm em này khỏi chê giá học sinh chất lượng phụ huynh nha 5*
"Tinh Chất giảm Thâm, Trắng Da Balance Active Formula Vitamin C Brightening Serum 30ml",[''],[9800000000],5,đăng lên chỉ để nhận xu đánh giá thôi ạ. chứ mua giảm giá kb bluan saoo
"Tinh Chất giảm Thâm, Trắng Da Balance Active Formula Vitamin C Brightening Serum 30ml",[''],[9900000000],5,Sản phẩm thấm nhanh. Giá tiền phù hợp. Được hoàn xứ nên rât vui. ♥️♥️♥️♥️♥️♥️♥️♥️♥️♥️♥️♥️♥️♥️♥️
"Tinh Chất giảm Thâm, Trắng Da Balance Active Formula Vitamin C Brightening Serum 30ml",[''],[12900000000],5,Giao nhanh hàng ok nha . Chất serum lỏng chủ íu muốn sáng da đều màu da mong sẽ hiệu quả giá rẻ 
"Tinh Chất giảm Thâm, Trắng Da Balance Active Formula Vitamin C Brightening Serum 30ml",[''],[13500000000],5,Sản phẩm đóng gói kĩ、chưa dùng nên chưa đánh giá được kết quả .
"Tinh Chất giảm Thâm, Trắng Da Balance Active Formula Vitamin C Brightening Serum 30ml",[''],[13200000000],5,"Đong gói hàng rất kĩ, chưa dùng nên chưa biết như nào, dùng dk sẽ ủng hộ shop tiếp
"
"Tinh Chất giảm Thâm, Trắng Da Balance Active Formula Vitamin C Brightening Serum 30ml",[''],[10900000000],5,Dhdjdjdbdhskdjfbfbdjdkebdosjđjdndbdbdbdjsksnsbdvdjĩkxdbdbdksjsvdhdjdkdkfjdjdjfjfhxdbdb
"Tinh Chất giảm Thâm, Trắng Da Balance Active Formula Vitamin C Brightening Serum 30ml",[''],[13500000000],5,Hhabvksnbskaknbsuvvskakodihnnvcdtukkbvdeuioknbvxuinmkoolmnbvcdtukbmkllkggcbjkkkkiuesbnnkkkiỹtscbnkk
"Tinh Chất giảm Thâm, Trắng Da Balance Active Formula Vitamin C Brightening Serum 30ml",[''],[10500000000],5,Giao hàng nhanh serum mùi khá thơm. Lọ nước hoa hồng k ngờ bé bé vậy á
"Tinh Chất giảm Thâm, Trắng Da Balance Active Formula Vitamin C Brightening Serum 30ml",[''],[9800000000],5,"Mùi hương dễ chịu, chất không đặc.
Thấm nhanh
Hi vọng tác dụng tốt"
"Tinh Chất giảm Thâm, Trắng Da Balance Active Formula Vitamin C Brightening Serum 30ml",[''],[12900000000],5,"Đã xài đến chai thứ 2 nên chất lượng oke
Giao hàng nhanh
Hàng chính hãng
Shipper thân thiện
Đóng gói sản phẩm chắc chắn"
"Tinh Chất giảm Thâm, Trắng Da Balance Active Formula Vitamin C Brightening Serum 30ml",[''],[9300000000],5,"Check mã vạch là ra ngay.
Sản phẩm được đóng gói khá kỹ lưỡng.
Sẽ đặt mua lại nếu sử dụng thấy có kết quả.

"
"Tinh Chất giảm Thâm, Trắng Da Balance Active Formula Vitamin C Brightening Serum 30ml",[''],[9300000000],5,"Được bạn tư vấn biết đến hiệu này, nhân tiện shop có sale nên rinh em này về dùng thử. Thấy shop đóng gói chắc chắn, giao hàng nhanh. Sẽ dùng thử rồi review tiếp nè. Trước tiên cho shop 5 sao nhé."
"Tinh Chất giảm Thâm, Trắng Da Balance Active Formula Vitamin C Brightening Serum 30ml",[''],[9300000000],5,Giao hàng nhanh. Đóng gói sản phẩm tốt. Chưa xài nên chưa đánh giá được chất lượng
"Tinh Chất giảm Thâm, Trắng Da Balance Active Formula Vitamin C Brightening Serum 30ml",[''],[9300000000],5,"Giao hàng nhanh chóng
Đóng gói đẹp chắc chắn
Hàng phù hợp với giá tiền 👍👍👍👍"
"Tinh Chất giảm Thâm, Trắng Da Balance Active Formula Vitamin C Brightening Serum 30ml",[''],[10500000000],5,Đã nhận đc hàng may là k vội chứ j&t giao hàng siêu chậm. Thanks shop đóng gói chắc chắn. 
"Tinh Chất giảm Thâm, Trắng Da Balance Active Formula Vitamin C Brightening Serum 30ml",[''],[10900000000],5,"Chưa dùng nên chưa biết, dùng xong sẽ quay lại đánh giá sau. 
Vì bận quá nên mình chưa kịp chụp sản phẩm nên để ảnh không liên quan. "
"Tinh Chất giảm Thâm, Trắng Da Balance Active Formula Vitamin C Brightening Serum 30ml",[''],[10500000000],5,serum thơm . chưa sd nên chưa rew đc
"Tinh Chất giảm Thâm, Trắng Da Balance Active Formula Vitamin C Brightening Serum 30ml",[''],[9300000000],5,"Đóng gói cẩn thận, giao hàng 2 ngày là có, hàng chưa sử dụng nên không bik ntn nhưng thấy shop uy tín phết"
"Tinh Chất giảm Thâm, Trắng Da Balance Active Formula Vitamin C Brightening Serum 30ml",[''],[10900000000],5,Lần đầu tiên mua hàng tại shop nhưng rất ưng. Giao hàng khá nhanh. Hàng chính hãng. Sản phẩm date xa. 
"Tinh Chất giảm Thâm, Trắng Da Balance Active Formula Vitamin C Brightening Serum 30ml",[''],[10800000000],5,Serum nè mình dùng suót r nên khỏi cần bàn thêm vê công dụng. Vơt dk giá sale quá tốt nữa
"Tinh Chất giảm Thâm, Trắng Da Balance Active Formula Vitamin C Brightening Serum 30ml",[''],[12900000000],5,Sản phẩm chính hãng giao hàng nhanh shop dễ thương hi vọng sử dụng hiệu hả
"Tinh Chất giảm Thâm, Trắng Da Balance Active Formula Vitamin C Brightening Serum 30ml",[''],[9800000000],5,Mua ở shopee mall chắc chắn là hàng auth nên rất yên tâm.👍👍👍👍👍
"Tinh Chất giảm Thâm, Trắng Da Balance Active Formula Vitamin C Brightening Serum 30ml",[''],[10900000000],5,"Hàng của shopee mall không bao giờ làm mình thất vọng. Đóng gói, đến vận chuyển, thờu gian giao lúc nào cũng đc kiểm soát chặt chẽ"
"Tinh Chất giảm Thâm, Trắng Da Balance Active Formula Vitamin C Brightening Serum 30ml",[''],[9800000000],5,"Đã mua lần 3 rồi, shop đóng gói cẩn thận. Hiệu quả thì chưa rõ ràng lắm, đang tiếp tục sử dụng và hi vọng sẽ tốt hơn."
"Tinh Chất giảm Thâm, Trắng Da Balance Active Formula Vitamin C Brightening Serum 30ml",[''],[10900000000],5,mới dung thay k kích ứng.thấm hoàn toàn vào da.dung máy đẩy tinh chất k dc..thấm nhanh qua nên k pk sao
